"","time","pstate1","pstate2","pstate3","pstate4"
"1",0,0.990566037735849,0.00943396226415094,0,0
"2",0.109722222201526,0.989517819706499,0.0104821802935011,0,0
"3",0.125,0.988469601677149,0.0115303983228511,0,0
"4",0.127777777801384,0.987421383647799,0.0125786163522012,0,0
"5",0.129861111097853,0.986373165618449,0.0136268343815513,0,0
"6",0.130555555595492,0.985324947589099,0.0146750524109014,0,0
"7",0.138888888897782,0.984276729559748,0.0157232704402516,0,0
"8",0.144444444398687,0.980077142874209,0.0199228571257907,0,0
"9",0.145833333299379,0.975877556162967,0.0241224438370327,0,0
"10",0.358333333395422,0.974824829565165,0.0251751704348352,0,0
"11",0.41874999999709,0.970607084815566,0.0293929151844336,0,0
"12",0.457638888896327,0.969554365634639,0.0304456343653614,0,0
"13",0.468055555495084,0.970604215095513,0.0293957849044869,0,0
"14",0.502083333303744,0.966386482789278,0.0293957849044869,0.00421773230623495,0
"15",0.503472222197161,0.965333774202362,0.0293957849044869,0.00527044089315137,0
"16",0.527777777802839,0.964281065615445,0.0293957849044869,0.00632314948006772,0
"17",0.532638888900692,0.960063318182348,0.0293957849044869,0.0105408969131653,0
"18",0.536805555602768,0.959010617175569,0.0304484859112658,0.0105408969131653,0
"19",0.537499999998545,0.954792862073301,0.0304484859112658,0.0147586520154331,0
"20",0.540972222202981,0.953735505636897,0.0304484859112658,0.0158160084518376,0
"21",0.545833333300834,0.951620792764088,0.0315058423476704,0.0168733648882421,0
"22",0.552083333299379,0.950563436327683,0.0315058423476704,0.0179307213246467,0
"23",0.554166666603123,0.949506079891278,0.0315058423476704,0.0189880777610513,0
"24",0.564583333303744,0.945269570993807,0.0315058423476704,0.0232245866585223,0
"25",0.568749999998545,0.941033062066673,0.0315058423476704,0.0274610955856563,0
"26",0.569444444401597,0.939975721547497,0.0315058423476704,0.0285184361048324,0
"27",0.574305555601313,0.938918381028321,0.0315058423476704,0.0295757766240084,0
"28",0.588888888902147,0.934681855932115,0.0315058423476704,0.0338123017202149,0
"29",0.590277777795563,0.933624523515902,0.0315058423476704,0.0348696341364277,0
"30",0.59305555550236,0.929387990218531,0.0315058423476704,0.0391061674337988,0
"31",0.596527777801384,0.928330665997577,0.0325631665686243,0.0391061674337988,0
"32",0.599999999998545,0.92409412440506,0.0325631665686243,0.043342709026316,0
"33",0.604861111103673,0.923036808473246,0.0336204825004379,0.043342709026316,0
"34",0.60555555549945,0.921979492541433,0.0346777984322514,0.043342709026316,0
"35",0.606250000098953,0.917742934179933,0.0346777984322514,0.0475792673878152,0
"36",0.618055555503815,0.913506375786024,0.0346777984322514,0.0518158257817244,0
"37",0.62430555550236,0.912449076739976,0.0346777984322514,0.052873124827773,0
"38",0.627777777794108,0.911391777693927,0.0346777984322514,0.0539304238738217,0
"39",0.646527777804295,0.907155202138997,0.0346777984322514,0.0581669994287521,0
"40",0.657638888900692,0.906097911693613,0.0346777984322514,0.0592242898741356,0
"41",0.666666666700621,0.907148754070348,0.0336269560555165,0.0592242898741356,0
"42",0.6833333333052,0.902912208595484,0.0336269560555165,0.0634608353489994,0
"43",0.686111111099308,0.901854934346543,0.0336269560555165,0.0645181095979402,0
"44",0.688888888893416,0.897618380081546,0.0336269560555165,0.068754663862937,0
"45",0.695138888797374,0.893381825781914,0.0336269560555165,0.0729912181625692,0
"46",0.695833333302289,0.892324569183356,0.0336269560555165,0.0740484747611276,0
"47",0.703472222201526,0.891267312584797,0.0336269560555165,0.0751057313596861,0
"48",0.707638888903602,0.890210055986239,0.0336269560555165,0.0761629879582447,0
"49",0.714583333399787,0.88915279938768,0.0336269560555165,0.0772202445568031,0
"50",0.715972222198616,0.880659335939308,0.0336269560555165,0.0857137080051753,0
"51",0.719444444395776,0.876422843200264,0.0336269560555165,0.0899502007442192,0
"52",0.738194444398687,0.875365638323062,0.0336269560555165,0.091007405621421,0
"53",0.738888888896327,0.87112913625338,0.0336269560555165,0.0952439076911036,0
"54",0.741666666697711,0.870071940699674,0.0336269560555165,0.0963011032448092,0
"55",0.744444444404508,0.869014745145969,0.0336269560555165,0.0973582987985147,0
"56",0.756944444503461,0.864778224201706,0.0378634769997789,0.0973582987985147,0
"57",0.764583333300834,0.860541703218719,0.0378634769997789,0.101594819781502,0
"58",0.766666666699166,0.856305182196433,0.0378634769997789,0.105831340803788,0
"59",0.775000000001455,0.852068661134263,0.0378634769997789,0.110067861865958,0
"60",0.777777777795563,0.851011503986454,0.0378634769997789,0.111125019013767,0
"61",0.779166666696256,0.849954346838645,0.0378634769997789,0.112182176161577,0
"62",0.78125,0.848897189690835,0.0378634769997789,0.113239333309386,0
"63",0.798611111102218,0.844660639015859,0.0378634769997789,0.117475883984362,0
"64",0.809027777802839,0.840424088299328,0.0378634769997789,0.121712434700893,0
"65",0.815972222197161,0.839366951081342,0.0378634769997789,0.12276957191888,0
"66",0.818055555500905,0.835130390214961,0.0378634769997789,0.12700613278526,0
"67",0.818749999998545,0.836182153464955,0.0368117137497851,0.12700613278526,0
"68",0.819444444401597,0.835125033169803,0.0368117137497851,0.128063253080412,0
"69",0.820833333404153,0.834067912874652,0.0368117137497851,0.129120373375563,0
"70",0.821527777799929,0.829831368904899,0.0368117137497851,0.133356917345316,0
"71",0.822916666598758,0.825594824891328,0.0368117137497851,0.137593461358887,0
"72",0.823611111096398,0.82453772524358,0.0368117137497851,0.138650561006635,0
"73",0.829861111102218,0.820301170711255,0.0368117137497851,0.14288711553896,0
"74",0.835416666603123,0.81924408157374,0.0368117137497851,0.143944204676475,0
"75",0.841666666696256,0.818186992436226,0.0368117137497851,0.145001293813989,0
"76",0.848611111097853,0.817129903298711,0.0368117137497851,0.146058382951504,0
"77",0.852777777799929,0.812893316808228,0.0368117137497851,0.150294969441987,0
"78",0.859027777798474,0.811836238372847,0.0368117137497851,0.151352047877368,0
"79",0.860416666604578,0.807599641031035,0.0368117137497851,0.15558864521918,0
"80",0.865972222200071,0.806542573438063,0.0368117137497851,0.156645712812152,0
"81",0.869444444397232,0.80548550584509,0.0368117137497851,0.157702780405125,0
"82",0.872222222300479,0.801248886532884,0.0368117137497851,0.161939399717331,0
"83",0.877083333398332,0.800191829954345,0.0368117137497851,0.16299645629587,0
"84",0.883333333302289,0.799134773375805,0.0368117137497851,0.16405351287441,0
"85",0.891666666699166,0.798077716797266,0.0368117137497851,0.165110569452949,0
"86",0.896527777797019,0.797020660218727,0.0368117137497851,0.166167626031488,0
"87",0.907638888900692,0.795963603640187,0.0368117137497851,0.167224682610028,0
"88",0.909027777801384,0.794906547061648,0.0368117137497851,0.168281739188567,0
"89",0.915972222202981,0.790669860526409,0.0368117137497851,0.172518425723806,0
"90",0.918750000004366,0.786433173940519,0.0368117137497851,0.176755112309695,0
"91",0.92569444450055,0.782196487303157,0.0368117137497851,0.180991798947058,0
"92",0.931250000001455,0.781139465023018,0.0368117137497851,0.182048821227197,0
"93",0.934722222198616,0.780082442742878,0.0368117137497851,0.183105843507337,0
"94",0.941666666702076,0.775845732679611,0.0368117137497851,0.187342553570604,0
"95",0.943750000100408,0.771609022562737,0.0368117137497851,0.191579263687478,0
"96",0.944444444401597,0.770552023901692,0.0368117137497851,0.192636262348523,0
"97",0.945833333404153,0.769495025240647,0.0368117137497851,0.193693261009568,0
"98",0.956944444398687,0.765258291048485,0.0368117137497851,0.19792999520173,0
"99",0.959027777797019,0.761021556800464,0.0368117137497851,0.202166729449751,0
"100",0.961805555598403,0.759964582416019,0.0368117137497851,0.203223703834196,0
"101",0.965277777802839,0.755727835780803,0.0368117137497851,0.207460450469412,0
"102",0.965972222198616,0.754670873772718,0.0368117137497851,0.208517412477497,0
"103",0.972916666600213,0.75255546734139,0.0368117137497851,0.210632818908825,0
"104",0.975000000005821,0.751498507415348,0.0368117137497851,0.211689778834867,0
"105",0.98055555549945,0.747261718840205,0.0410485023249291,0.211689778834867,0
"106",0.983333333395422,0.746204771571689,0.0410485023249291,0.212746726103382,0
"107",0.98472222219425,0.745147824303174,0.0410485023249291,0.213803673371897,0
"108",0.986111111196806,0.744090877034659,0.0410485023249291,0.214860620640412,0
"109",0.988194444398687,0.743033929766144,0.0410485023249291,0.215917567908927,0
"110",0.989583333299379,0.738797089753764,0.0410485023249291,0.220154407921307,0
"111",0.995138888894871,0.737740155433658,0.0410485023249291,0.221211342241413,0
"112",1,0.733503302274181,0.0410485023249291,0.22544819540089,0
"113",1.01597222219425,0.725004980720154,0.0410485023249291,0.233946516954917,0
"114",1.02222222230193,0.720768271209909,0.0410485023249291,0.238183226465162,0
"115",1.04375000000437,0.716531561632833,0.0410485023249291,0.242419936042238,0
"116",1.04861111110222,0.712294851987738,0.0410485023249291,0.246656645687334,0
"117",1.06666666670208,0.708058142273403,0.0410485023249291,0.250893355401668,0
"118",1.06944444449618,0.70700133907598,0.0421053055223521,0.250893355401668,0
"119",1.07152777779993,0.708053971714039,0.0410526728842933,0.250893355401668,0
"120",1.07291666670062,0.708053971714039,0.0366698230251402,0.255276205260821,0
"121",1.07708333330083,0.706997174741331,0.0366698230251402,0.256333002233529,0
"122",1.07916666669917,0.705940377768624,0.0366698230251402,0.257389799206236,0
"123",1.08333333329938,0.704883580795916,0.0366698230251402,0.258446596178944,0
"124",1.08402777779702,0.703826783823209,0.0366698230251402,0.259503393151651,0
"125",1.09999999999854,0.702769986850501,0.0366698230251402,0.260560190124359,0
"126",1.10208333330229,0.701713189877794,0.0366698230251402,0.261616987097066,0
"127",1.10347222219571,0.697476418929215,0.0366698230251402,0.265853758045645,0
"128",1.10624999999709,0.693239647906896,0.0366698230251402,0.270090529067964,0
"129",1.11736111110076,0.689002876809477,0.0366698230251402,0.274327300165383,0
"130",1.12361111109931,0.684766105635568,0.0409065941990488,0.274327300165383,0
"131",1.14583333329938,0.683709367818229,0.0409065941990488,0.275384037982722,0
"132",1.14722222230193,0.679472581333713,0.0409065941990488,0.279620824467238,0
"133",1.15277777780284,0.675235794769449,0.0409065941990488,0.283857611031502,0
"134",1.15972222219716,0.674179087735381,0.0409065941990488,0.28491431806557,0
"135",1.17013888889778,0.673122380701313,0.0409065941990488,0.285971025099638,0
"136",1.17986111110076,0.672065673667245,0.0409065941990488,0.287027732133706,0
"137",1.18194444439723,0.671008966633177,0.0409065941990488,0.288084439167774,0
"138",1.18958333330374,0.666772117025359,0.0409065941990488,0.292321288775592,0
"139",1.22222222219716,0.665715425873179,0.0409065941990488,0.293377979927772,0
"140",1.25138888890069,0.66145142228896,0.0409065941990488,0.297641983511992,0
"141",1.25902777779993,0.660387995565022,0.0409065941990488,0.298705410235929,0
"142",1.26041666670062,0.656123975248587,0.0409065941990488,0.302969430552364,0
"143",1.28611111109785,0.65506056524008,0.0419700042075555,0.302969430552364,0
"144",1.29166666659876,0.656109815345269,0.0409207541023666,0.302969430552364,0
"145",1.34652777769952,0.651817995174313,0.0409207541023666,0.307261250723321,0
"146",1.35694444440014,0.650747686479445,0.0409207541023666,0.307261250723321,0.00107030869486749
"147",1.37152777780284,0.649677377784578,0.0409207541023666,0.308331559418188,0.00107030869486749
"148",1.4333333333052,0.645385522505792,0.0409207541023666,0.312623414696974,0.00107030869486749
"149",1.44999999999709,0.644315231423693,0.0419910451844658,0.312623414696974,0.00107030869486749
"150",1.45277777770389,0.640023358218577,0.0419910451844658,0.31691528790209,0.00107030869486749
"151",1.49305555550382,0.638953085044298,0.0419910451844658,0.317985561076369,0.00107030869486749
"152",1.51458333339542,0.634632169623394,0.0419910451844658,0.322306476497273,0.00107030869486749
"153",1.53402777769952,0.630311254096667,0.0463119607111929,0.322306476497273,0.00107030869486749
"154",1.54027777779993,0.625990338461931,0.0463119607111929,0.326627392132009,0.00107030869486749
"155",1.56874999999854,0.62491290242327,0.0463119607111929,0.32770482817067,0.00107030869486749
"156",1.61597222220007,0.620591967339049,0.0463119607111929,0.332025763254891,0.00107030869486749
"157",1.62569444449764,0.619514550729086,0.0463119607111929,0.333103179864854,0.00107030869486749
"158",1.62777777780138,0.618437134119122,0.0463119607111929,0.334180596474818,0.00107030869486749
"159",1.6451388889036,0.614116159497389,0.0506329353329254,0.334180596474818,0.00107030869486749
"160",1.65347222219862,0.613038762726341,0.0506329353329254,0.335257993245866,0.00107030869486749
"161",1.67777777770243,0.611961365955293,0.0506329353329254,0.336335390016914,0.00107030869486749
"162",1.67916666669771,0.610883969184245,0.0506329353329254,0.337412786787962,0.00107030869486749
"163",1.68402777780284,0.60656293394442,0.0506329353329254,0.341733822027787,0.00107030869486749
"164",1.70208333330083,0.605485557507574,0.0506329353329254,0.342811198464633,0.00107030869486749
"165",1.71250000000146,0.604408181070728,0.0506329353329254,0.343888574901479,0.00107030869486749
"166",1.76041666659876,0.599009727997264,0.0549540119695429,0.344965951338325,0.00107030869486749
"167",1.76805555559986,0.594688630336323,0.0549540119695429,0.349287048999267,0.00107030869486749
"168",1.80902777780284,0.590367532546808,0.0592751097590583,0.349287048999267,0.00107030869486749
"169",1.81180555560422,0.586046434625881,0.0592751097590583,0.353608146920193,0.00107030869486749
"170",1.81805555559549,0.581725336570623,0.0592751097590583,0.357929244975452,0.00107030869486749
"171",1.83194444450055,0.580648067428825,0.0592751097590583,0.359006514117249,0.00107030869486749
"172",1.83611111110076,0.579570798287028,0.0592751097590583,0.360083783259046,0.00107030869486749
"173",1.83750000000146,0.575249655209531,0.0592751097590583,0.364404926336543,0.00107030869486749
"174",1.84791666660021,0.574172408664195,0.0592751097590583,0.36548217288188,0.00107030869486749
"175",1.86319444439869,0.569851242535591,0.0592751097590583,0.369803339010483,0.00107030869486749
"176",1.86458333329938,0.56877401901473,0.0592751097590583,0.370880562531344,0.00107030869486749
"177",1.89583333329938,0.56441974821472,0.0592751097590583,0.375234833331354,0.00107030869486749
"178",1.90763888890069,0.560065477259718,0.0592751097590583,0.379589104286356,0.00107030869486749
"179",1.91249999999854,0.558980079047975,0.0592751097590583,0.380674502498099,0.00107030869486749
"180",1.92916666669771,0.557894680836231,0.0603605079708019,0.380674502498099,0.00107030869486749
"181",1.93194444439723,0.556809282624488,0.0603605079708019,0.381759900709843,0.00107030869486749
"182",1.96458333329792,0.555723884412744,0.0603605079708019,0.382845298921587,0.00107030869486749
"183",1.96875,0.551369513796274,0.0603605079708019,0.387199669538056,0.00107030869486749
"184",1.96944444449764,0.54701514301356,0.0603605079708019,0.39155404032077,0.00107030869486749
"185",1.97180555550585,0.542660772060611,0.0603605079708019,0.39590841127372,0.00107030869486749
"186",2.02986111109931,0.538306400933306,0.0603605079708019,0.400262782401025,0.00107030869486749
"187",2.03402777780138,0.537221105770134,0.0603605079708019,0.401348077564197,0.00107030869486749
"188",2.03611111119972,0.536135810606962,0.0603605079708019,0.402433372727369,0.00107030869486749
"189",2.0611111111939,0.53505051544379,0.0603605079708019,0.403518667890541,0.00107030869486749
"190",2.07152777779993,0.533965220280618,0.0603605079708019,0.404603963053713,0.00107030869486749
"191",2.07430555549945,0.532879925117446,0.0603605079708019,0.405689258216885,0.00107030869486749
"192",2.09861111110513,0.528525418845152,0.0603605079708019,0.410043764489179,0.00107030869486749
"193",2.10416666670062,0.524170912384153,0.0603605079708019,0.414398270950178,0.00107030869486749
"194",2.10763888890506,0.519816405729718,0.0603605079708019,0.418752777604612,0.00107030869486749
"195",2.10902777779847,0.518731194026734,0.0603605079708019,0.419837989307597,0.00107030869486749
"196",2.13944444450317,0.514376658456161,0.0603605079708019,0.42419252487817,0.00107030869486749
"197",2.14236111110222,0.510022122680919,0.0603605079708019,0.428547060653412,0.00107030869486749
"198",2.14791666669771,0.508936969228406,0.0603605079708019,0.429632214105925,0.00107030869486749
"199",2.15069444439723,0.504582403409839,0.0603605079708019,0.433986779924492,0.00107030869486749
"200",2.18541666670353,0.50022783737448,0.0603605079708019,0.438341345959851,0.00107030869486749
"201",2.20277777769661,0.499142744451759,0.0603605079708019,0.439426438882572,0.00107030869486749
"202",2.20347222220153,0.494788147178674,0.0603605079708019,0.443781036155657,0.00107030869486749
"203",2.20416666670644,0.493703085452404,0.0603605079708019,0.444866097881926,0.00107030869486749
"204",2.22430555560277,0.489348456246907,0.0603605079708019,0.449220727087424,0.00107030869486749
"205",2.2256944444016,0.488263426410439,0.0614455378072696,0.449220727087424,0.00107030869486749
"206",2.22986111119826,0.487178396573972,0.0614455378072696,0.450305756923891,0.00107030869486749
"207",2.30694444439723,0.486093366737504,0.0614455378072696,0.451390786760359,0.00107030869486749
"208",2.41944444450201,0.481738639619286,0.0614455378072696,0.455745513878577,0.00107030869486749
"209",2.43541666659439,0.480653642683207,0.0614455378072696,0.456830510814656,0.00107030869486749
"210",2.48611111109494,0.479558759670261,0.0625404208202154,0.456830510814656,0.00107030869486749
"211",2.50972222220298,0.478463876657315,0.0625404208202154,0.457925393827602,0.00107030869486749
"212",2.56944444450346,0.477368993644369,0.0625404208202154,0.459020276840548,0.00107030869486749
"213",2.58194444439869,0.476274110631423,0.0625404208202154,0.460115159853494,0.00107030869486749
"214",2.61944444439723,0.4718793952571,0.066935136194539,0.460115159853494,0.00107030869486749
"215",2.6361111110964,0.470784547472281,0.0680299839793583,0.460115159853494,0.00107030869486749
"216",2.64444444439869,0.466389795990118,0.0680299839793583,0.464509911335657,0.00107030869486749
"217",2.72083333339833,0.461995044223373,0.0680299839793583,0.468904663102401,0.00107030869486749
"218",2.7333333334027,0.460900269237062,0.0680299839793583,0.469999438088713,0.00107030869486749
"219",2.76666666669917,0.45980549425075,0.0680299839793583,0.471094213075024,0.00107030869486749
"220",2.81041666669626,0.455410667240508,0.0680299839793583,0.475489040085266,0.00107030869486749
"221",2.82777777769661,0.454315930059642,0.0691247211602249,0.475489040085266,0.00107030869486749
"222",2.85099537039787,0.449921064265522,0.0691247211602249,0.475489040085266,0.00546517448898702
"223",2.86666666669771,0.445526198154488,0.0691247211602249,0.4798839061963,0.00546517448898702
"224",2.90347222220589,0.444431539190964,0.0691247211602249,0.480978565159825,0.00546517448898702
"225",2.91666666670062,0.443336880227439,0.0691247211602249,0.482073224123349,0.00546517448898702
"226",2.93888888890069,0.442242221263915,0.0691247211602249,0.483167883086874,0.00546517448898702
"227",2.94374999999854,0.44114756230039,0.0702193801237494,0.483167883086874,0.00546517448898702
"228",2.95347222220153,0.436752533826115,0.0702193801237494,0.487562911561149,0.00546517448898702
"229",2.97083333330374,0.435657915946851,0.0713139980030129,0.487562911561149,0.00546517448898702
"230",3.00208333329647,0.434563298067588,0.0724086158822764,0.487562911561149,0.00546517448898702
"231",3.00416666670208,0.433468680188324,0.0724086158822764,0.488657529440413,0.00546517448898702
"232",3.01041666659876,0.437825317331533,0.0680519787390673,0.488657529440413,0.00546517448898702
"233",3.02152777770243,0.436730754038204,0.0680519787390673,0.489752092733741,0.00546517448898702
"234",3.03402777780138,0.432335944386937,0.0680519787390673,0.494146902385009,0.00546517448898702
"235",3.04722222220153,0.431241423008742,0.0680519787390673,0.495241423763204,0.00546517448898702
"236",3.07430555549945,0.426846570299305,0.0680519787390673,0.499636276472641,0.00546517448898702
"237",3.07499999999709,0.425752091913922,0.0680519787390673,0.500730754858023,0.00546517448898702
"238",3.08809027779353,0.42135719502407,0.0724468756289201,0.500730754858023,0.00546517448898702
"239",3.09305555560422,0.416962297748626,0.0724468756289201,0.505125652133467,0.00546517448898702
"240",3.09652777769952,0.412567400075312,0.0724468756289201,0.509520549806781,0.00546517448898702
"241",3.11250000000291,0.408172501991324,0.0724468756289201,0.513915447890769,0.00546517448898702
"242",3.125,0.407078205739336,0.0735411718809075,0.513915447890769,0.00546517448898702
"243",3.13124999999854,0.405983909487349,0.0735411718809075,0.515009744142757,0.00546517448898702
"244",3.16319444450346,0.401588914883605,0.0735411718809075,0.5194047387465,0.00546517448898702
"245",3.18611111109931,0.397193919834666,0.0735411718809075,0.523799733795439,0.00546517448898702
"246",3.21041666669771,0.3960997217084,0.0735411718809075,0.524893931921706,0.00546517448898702
"247",3.21944444440305,0.391704675588183,0.0735411718809075,0.529288978041923,0.00546517448898702
"248",3.22222222219716,0.390610528449668,0.0735411718809075,0.530383125180437,0.00546517448898702
"249",3.23541666669917,0.389516381311154,0.0735411718809075,0.531477272318952,0.00546517448898702
"250",3.25347222220444,0.385121230329335,0.0779363228627264,0.531477272318952,0.00546517448898702
"251",3.26527777779847,0.38402713592499,0.0790304172670711,0.531477272318952,0.00546517448898702
"252",3.27013888889633,0.379631930593312,0.0790304172670711,0.53587247765063,0.00546517448898702
"253",3.30907407400082,0.375236724734867,0.0790304172670711,0.540267683509075,0.00546517448898702
"254",3.48958333329938,0.370841518330999,0.0790304172670711,0.544662889912944,0.00546517448898702
"255",3.5145833334027,0.366446311362161,0.0790304172670711,0.549058096881781,0.00546517448898702
"256",3.55972222219862,0.365352441776006,0.0790304172670711,0.550151966467937,0.00546517448898702
"257",3.63402777779993,0.360903654270238,0.0790304172670711,0.554600753973704,0.00546517448898702
"258",3.64652777779702,0.356454866121395,0.0790304172670711,0.559049542122547,0.00546517448898702
"259",3.67361111110222,0.352006077305198,0.0790304172670711,0.563498330938745,0.00546517448898702
"260",3.70555555549799,0.343108498287063,0.0834792067761385,0.567947120447812,0.00546517448898702
"261",3.76944444450055,0.342001696679685,0.0845860083835161,0.567947120447812,0.00546517448898702
"262",3.77569444449909,0.340894895072308,0.0845860083835161,0.56905392205519,0.00546517448898702
"263",3.77986111109931,0.33978809346493,0.0845860083835161,0.570160723662567,0.00546517448898702
"264",3.80833333329792,0.338681291857553,0.0845860083835161,0.571267525269945,0.00546517448898702
"265",3.8236111110964,0.334232216549035,0.0845860083835161,0.575716600578463,0.00546517448898702
"266",3.83819444449909,0.333125487355164,0.0845860083835161,0.576823329772334,0.00546517448898702
"267",3.85555555549945,0.332018758161293,0.0845860083835161,0.577930058966205,0.00546517448898702
"268",3.93194444439723,0.330912028967422,0.0845860083835161,0.579036788160076,0.00546517448898702
"269",3.9333333333052,0.329805299773551,0.0856927375773871,0.579036788160076,0.00546517448898702
"270",3.98819444450055,0.325355923864028,0.0856927375773871,0.583486164069599,0.00546517448898702
"271",4.02152777770243,0.32424927106177,0.0856927375773871,0.584592816871857,0.00546517448898702
"272",4.03541666670208,0.319799815952257,0.0856927375773871,0.58904227198137,0.00546517448898702
"273",4.03549768509401,0.315350359919362,0.0856927375773871,0.593491728014265,0.00546517448898702
"274",4.09652777780138,0.310900902923631,0.0856927375773871,0.597941185009996,0.00546517448898702
"275",4.10069444439432,0.306451444923329,0.0856927375773871,0.602390643010298,0.00546517448898702
"276",4.11527777779702,0.305345122017469,0.0856927375773871,0.603496965916158,0.00546517448898702
"277",4.12638888890069,0.304238799111608,0.0856927375773871,0.604603288822019,0.00546517448898702
"278",4.1986111110964,0.303132476205748,0.0856927375773871,0.605709611727879,0.00546517448898702
"279",4.19999999999709,0.298682750273162,0.0856927375773871,0.610159337660465,0.00546517448898702
"280",4.20833333329938,0.294233023207993,0.0856927375773871,0.614609064725634,0.00546517448898702
"281",4.23333333330083,0.289783294958337,0.0856927375773871,0.61905879297529,0.00546517448898702
"282",4.40833333339833,0.28533356546907,0.0856927375773871,0.623508522464557,0.00546517448898702
"283",4.70138888889778,0.280883834681593,0.0856927375773871,0.627958253252034,0.00546517448898702
"284",4.77083333329938,0.276434102533554,0.0856927375773871,0.632407985400072,0.00546517448898702
"285",4.82222222220298,0.270860653094587,0.0856927375773871,0.637981434839039,0.00546517448898702
"286",4.88680555560131,0.269755099408487,0.0856927375773871,0.63908698852514,0.00546517448898702
"287",4.94305555550091,0.269755099408487,0.084565201556632,0.63908698852514,0.00659271050974211
"288",4.95393518519995,0.265305436174036,0.084565201556632,0.643536651759591,0.00659271050974211
"289",4.95555555559986,0.266432972194791,0.0834376655358769,0.643536651759591,0.00659271050974211
"290",4.95763888889633,0.265327441189833,0.0845431965408345,0.643536651759591,0.00659271050974211
"291",4.96527777780284,0.260877407277396,0.0845431965408345,0.647986685672028,0.00659271050974211
"292",5.00972222219571,0.259771994534695,0.0845431965408345,0.649092098414729,0.00659271050974211
"293",5.0111111110964,0.255321836926122,0.0889933541494079,0.649092098414729,0.00659271050974211
"294",5.01944444439869,0.250871677508197,0.0889933541494079,0.653542257832654,0.00659271050974211
"295",5.03958333330229,0.249766515933271,0.0889933541494079,0.65464741940758,0.00659271050974211
"296",5.05555555560568,0.245316222645778,0.0889933541494079,0.659097712695073,0.00659271050974211
"297",5.08888888890215,0.240783700427179,0.0889933541494079,0.663630234913672,0.00659271050974211
"298",5.27152777769516,0.236164216029246,0.0889933541494079,0.668249719311605,0.00659271050974211
"299",5.29334490739711,0.231544728982153,0.0889933541494079,0.672869206358698,0.00659271050974211
"300",5.37152777780284,0.231544728982153,0.0843991925255324,0.672869206358698,0.0111868721336176
"301",5.40347222219862,0.23267005154916,0.0832738699585253,0.672869206358698,0.0111868721336176
"302",5.57111111110135,0.22805114901813,0.0832738699585253,0.672869206358698,0.0158057746646486
"303",5.74930555559695,0.223432243548504,0.0832738699585253,0.677488111828323,0.0158057746646486
"304",5.77222222220007,0.222286437171332,0.0832738699585253,0.678633918205495,0.0158057746646486
"305",5.77569444440451,0.217667342400139,0.0832738699585253,0.683253012976689,0.0158057746646486
"306",5.7770833333052,0.216521724808559,0.0832738699585253,0.684398630568268,0.0158057746646486
"307",5.80416666669771,0.215376107216979,0.0832738699585253,0.685544248159848,0.0158057746646486
"308",5.81597222219716,0.210756614502087,0.0832738699585253,0.690163740874741,0.0158057746646486
"309",5.84722222219716,0.209611198118923,0.0832738699585253,0.691309157257904,0.0158057746646486
"310",5.85833333330083,0.20846578173576,0.0832738699585253,0.692454573641068,0.0158057746646486
"311",5.89861111110076,0.203845864164471,0.0832738699585253,0.697074491212357,0.0158057746646486
"312",5.90625,0.2027006626804,0.0832738699585253,0.698219692696427,0.0158057746646486
"313",5.9729166666948,0.203825985247408,0.0821485473915182,0.698219692696427,0.0158057746646486
"314",5.9794675926023,0.202680895442647,0.0821485473915182,0.699364782501187,0.0158057746646486
"315",6.01666666669917,0.201535805637886,0.0821485473915182,0.700509872305948,0.0158057746646486
"316",6.02986111109931,0.200390715833125,0.0821485473915182,0.701654962110709,0.0158057746646486
"317",6.06736111110513,0.195770565109173,0.0821485473915182,0.706275112834661,0.0158057746646486
"318",6.11597222220007,0.191150409750308,0.0821485473915182,0.710895268193526,0.0158057746646486
"319",6.12013888889487,0.190005796518271,0.083293160623556,0.710895268193526,0.0158057746646486
"320",6.18888888890069,0.188861183286233,0.083293160623556,0.712039881425564,0.0158057746646486
"321",6.61458333340124,0.187716570054195,0.083293160623556,0.713184494657601,0.0158057746646486
"322",6.67013888889778,0.186571956822157,0.083293160623556,0.714329107889639,0.0158057746646486
"323",6.76458333330083,0.181950758084214,0.083293160623556,0.718950306627583,0.0158057746646486
"324",6.90347222230048,0.180806413693747,0.083293160623556,0.720094651018049,0.0158057746646486
"325",6.92638888889633,0.176184927631072,0.0879146466862315,0.720094651018049,0.0158057746646486
"326",6.93680555560422,0.175040869659441,0.0879146466862315,0.72123870898968,0.0158057746646486
"327",7.0201388889036,0.170419076830589,0.0879146466862315,0.725860501818532,0.0158057746646486
"328",7.02083333340124,0.169275324637095,0.0879146466862315,0.727004254012026,0.0158057746646486
"329",7.02708333329792,0.168131572443601,0.0879146466862315,0.72814800620552,0.0158057746646486
"330",7.04513888890506,0.16350912568747,0.0879146466862315,0.732770452961651,0.0158057746646486
"331",7.08611111110076,0.162365705228117,0.0879146466862315,0.733913873421004,0.0158057746646486
"332",7.11805555549654,0.161222284768764,0.0879146466862315,0.735057293880357,0.0158057746646486
"333",7.13472222219571,0.160078864309411,0.0879146466862315,0.73620071433971,0.0158057746646486
"334",7.16666666670062,0.158935443850058,0.0879146466862315,0.737344134799063,0.0158057746646486
"335",7.24374999999418,0.154311561577531,0.0879146466862315,0.741968017071589,0.0158057746646486
"336",7.29027777779993,0.149687669868768,0.0879146466862315,0.746591908780352,0.0158057746646486
"337",7.33958333339979,0.148545015900305,0.0879146466862315,0.747734562748816,0.0158057746646486
"338",7.44097222219716,0.147402361931841,0.0879146466862315,0.74887721671728,0.0158057746646486
"339",7.46805555559695,0.147402361931841,0.0867875358312798,0.74887721671728,0.0169328855196002
"340",7.55416666669771,0.142627805043283,0.0867875358312798,0.753651773605838,0.0169328855196002
"341",7.63680555549945,0.137853234615027,0.0867875358312798,0.758426344034094,0.0169328855196002
"342",7.65138888890215,0.13667500184054,0.0867875358312798,0.759604576808581,0.0169328855196002
"343",7.65555555560422,0.135496769066052,0.0867875358312798,0.760782809583069,0.0169328855196002
"344",7.74583333329792,0.134318536291565,0.0867875358312798,0.761961042357556,0.0169328855196002
"345",7.75555555560277,0.133140303517077,0.0867875358312798,0.763139275132043,0.0169328855196002
"346",7.77986111110658,0.13196207074259,0.0867875358312798,0.764317507906531,0.0169328855196002
"347",7.80138888880174,0.127184674095893,0.0867875358312798,0.769094904553228,0.0169328855196002
"348",7.82847222230339,0.126007038224635,0.0867875358312798,0.770272540424486,0.0169328855196002
"349",7.85347222219571,0.124829402353376,0.0867875358312798,0.771450176295745,0.0169328855196002
"350",7.89652777769516,0.120050696371019,0.0867875358312798,0.776228882278102,0.0169328855196002
"351",7.93958333329647,0.118873728759538,0.0867875358312798,0.777405849889583,0.0169328855196002
"352",7.95277777769661,0.114094281893277,0.0915669826975408,0.777405849889583,0.0169328855196002
"353",8.09999999999854,0.112918052183037,0.0915669826975408,0.778582079599823,0.0169328855196002
"354",8.14722222220007,0.111741822472797,0.0915669826975408,0.779758309310063,0.0169328855196002
"355",8.17291666669917,0.110565592762557,0.0915669826975408,0.780934539020303,0.0169328855196002
"356",8.17430555549799,0.11169604933907,0.0904365261210279,0.780934539020303,0.0169328855196002
"357",8.34236111109931,0.11052030145129,0.0904365261210279,0.782110286908082,0.0169328855196002
"358",8.34999999989668,0.109344553563511,0.0904365261210279,0.783286034795862,0.0169328855196002
"359",8.48611111110222,0.108168805675731,0.0904365261210279,0.784461782683642,0.0169328855196002
"360",8.6180555555984,0.106993057787951,0.0904365261210279,0.785637530571421,0.0169328855196002
"361",8.68472222230048,0.105817309900172,0.0904365261210279,0.786813278459201,0.0169328855196002
"362",8.7701388889036,0.101033843125111,0.0904365261210279,0.791596745234261,0.0169328855196002
"363",8.82291666670062,0.0998590309957495,0.0904365261210279,0.792771557363623,0.0169328855196002
"364",8.97986111110367,0.0950745069620489,0.0904365261210279,0.797556081397324,0.0169328855196002
"365",9.0243055555984,0.0939007476168384,0.0904365261210279,0.798729840742534,0.0169328855196002
"366",9.12641203700332,0.0891150252457194,0.095222248492147,0.798729840742534,0.0169328855196002
"367",9.4409722223063,0.0879424591240652,0.095222248492147,0.799902406864189,0.0169328855196002
"368",9.44238425930234,0.0925601435738787,0.0906045640423335,0.799902406864189,0.0169328855196002
"369",9.49236111110076,0.0913884961868676,0.0906045640423335,0.8010740542512,0.0169328855196002
"370",9.76249999999709,0.0866089917175373,0.0906045640423335,0.80585355872053,0.0169328855196002
"371",9.81111111109931,0.0877415487680665,0.0894720069918043,0.80585355872053,0.0169328855196002
"372",9.95624999999563,0.086571661451159,0.0894720069918043,0.807023446037437,0.0169328855196002
"373",10.1166666666031,0.0817941576014975,0.0894720069918043,0.811800949887099,0.0169328855196002
"374",10.2458333333998,0.086413029031411,0.0848531355618908,0.811800949887099,0.0169328855196002
"375",10.4409722221972,0.0813656679078608,0.0848531355618908,0.816848311010649,0.0169328855196002
"376",10.611805555498,0.0801328547577417,0.0848531355618908,0.818081124160768,0.0169328855196002
"377",10.674305555498,0.0847517813843654,0.0802342089352672,0.818081124160768,0.0169328855196002
"378",10.7444444444991,0.079728075110671,0.0802342089352672,0.823104830434463,0.0169328855196002
"379",10.9312500000015,0.0785014893397376,0.0802342089352672,0.824331416205396,0.0169328855196002
"380",10.9944444444045,0.0772749035688042,0.0802342089352672,0.825558001976329,0.0169328855196002
"381",11.1520833332979,0.0760483177978708,0.0802342089352672,0.826784587747263,0.0169328855196002
"382",11.1729166666992,0.0748217320269374,0.0802342089352672,0.828011173518196,0.0169328855196002
"383",11.2305555556013,0.073595146256004,0.0802342089352672,0.82923775928913,0.0169328855196002
"384",12.0736111110964,0.0723685604850706,0.0802342089352672,0.830464345060063,0.0169328855196002
"385",12.2131944444991,0.0711419747141372,0.0802342089352672,0.831690930830997,0.0169328855196002
"386",12.3236111111037,0.0699153889432038,0.0802342089352672,0.83291751660193,0.0169328855196002
"387",12.3388888889021,0.0686888031722704,0.0802342089352672,0.834144102372864,0.0169328855196002
"388",12.9263888889036,0.0627766698423887,0.0802342089352672,0.840056235702745,0.0169328855196002
"389",13.0229166666031,0.0613499273459707,0.0802342089352672,0.841482978199163,0.0169328855196002
"390",13.0736111110964,0.0599231848495528,0.0802342089352672,0.842909720695581,0.0169328855196002
"391",13.083912037102,0.0540003297187852,0.0802342089352672,0.848832575826349,0.0169328855196002
"392",13.7027777776966,0.0552738885907736,0.0789606500632788,0.848832575826349,0.0169328855196002
"393",13.7652777778057,0.0552738885907736,0.0737383273678518,0.848832575826349,0.0221552082150273
"394",13.9875000000029,0.0565452390626331,0.0724669768959923,0.848832575826349,0.0221552082150273
"395",14.0513888888963,0.0551316080860673,0.0724669768959923,0.850246206802915,0.0221552082150273
"396",14.1763888888017,0.0537179771095014,0.0724669768959923,0.85165983777948,0.0221552082150273
"397",14.5493055555999,0.054989327581361,0.0711956264241328,0.85165983777948,0.0221552082150273
"398",14.5798611110949,0.0484161110250628,0.0711956264241328,0.858233054335779,0.0221552082150273
"399",14.5812499999956,0.0468543009919962,0.0711956264241328,0.859794864368845,0.0221552082150273
"400",14.6652777777999,0.0481256514638558,0.0699242759522733,0.859794864368845,0.0221552082150273
"401",14.9513888888978,0.0493970019357153,0.0686529254804138,0.859794864368845,0.0221552082150273
"402",16.0062499999985,0.042909982324353,0.0686529254804138,0.866281883980207,0.0221552082150273
"403",16.5777777777985,0.0442830408339613,0.0672798669708055,0.866281883980207,0.0221552082150273
"404",16.9826388888978,0.0456560993435695,0.0659068084611972,0.866281883980207,0.0221552082150273
"405",17.5166666666992,0.043900095522663,0.0659068084611972,0.868037887801114,0.0221552082150273
"406",17.7673611111022,0.0452731540322713,0.0645337499515889,0.868037887801114,0.0221552082150273
"407",17.7868055556028,0.0435318788771839,0.0645337499515889,0.869779162956201,0.0221552082150273
"408",17.8499999999985,0.0492086044619564,0.0588570243668165,0.869779162956201,0.0221552082150273
"409",18.3888078702948,0.0472402602834781,0.0588570243668165,0.869779162956201,0.0241235523935055
"410",18.8951388888963,0.0452719161049999,0.0588570243668165,0.87174750713468,0.0241235523935055
"411",18.9749999999985,0.036826356224053,0.0588570243668165,0.880193067015626,0.0241235523935055
"412",19.8645833332994,0.0385079854916763,0.0571753950991932,0.880193067015626,0.0241235523935055
"413",20.0284722223005,0.0365825862170925,0.0571753950991932,0.88211846629021,0.0241235523935055
"414",20.2756944443972,0.0365825862170925,0.0554937658315698,0.883800095557834,0.0241235523935055
"415",20.4777777777999,0.0346571869425087,0.0554937658315698,0.885725494832417,0.0241235523935055
"416",20.6708333333008,0.0365707650746318,0.0535801876994467,0.885725494832417,0.0241235523935055
"417",20.9083333333037,0.0384843432067549,0.0516666095673236,0.885725494832417,0.0241235523935055
"418",21.7270833333023,0.040397921338878,0.0497530314352006,0.885725494832417,0.0241235523935055
"419",22.0335648861416,0.040397921338878,0.0497045392018329,0.885773987065785,0.0241235523935055
"420",22.0393898701324,0.0403581987023599,0.0497045392018329,0.885813709702303,0.0241235523935055
"421",22.047289168539,0.0403581987023599,0.0496560469684653,0.885813709702303,0.0241720446268732
"422",22.0496892721602,0.0403184760658419,0.0496560469684653,0.885813709702303,0.0242117672633913
"423",22.0770953173439,0.0403184760658419,0.0496075547350976,0.885813709702303,0.0242602594967589
"424",22.0771982829265,0.0402787534293238,0.0496075547350976,0.885813709702303,0.024299982133277
"425",22.1270364659528,0.0402787534293238,0.04955906250173,0.885862201935671,0.024299982133277
"426",22.1280662236355,0.0402390307928057,0.04955906250173,0.885901924572189,0.024299982133277
"427",22.1282223914233,0.0402390307928057,0.0495105702683623,0.885950416805557,0.024299982133277
"428",22.1340061722039,0.0401993081562876,0.0495105702683623,0.885990139442075,0.024299982133277
"429",22.1365825016465,0.0401993081562876,0.0494618873084131,0.886038822402024,0.024299982133277
"430",22.1392375470863,0.0401993081562876,0.0494132043484639,0.886087505361973,0.024299982133277
"431",22.1400397463277,0.0401595855197696,0.0494132043484639,0.886127227998491,0.024299982133277
"432",22.1437178051311,0.0401198628832515,0.0494132043484639,0.886166950635009,0.024299982133277
"433",22.1560697952906,0.0401198628832515,0.0493645213885147,0.886215633594958,0.024299982133277
"434",22.1586856623522,0.0400801402467334,0.0493645213885147,0.886255356231477,0.024299982133277
"435",22.167767993278,0.0400801402467334,0.0493158384285654,0.886304039191426,0.024299982133277
"436",22.1739073552714,0.0400404176102154,0.0493158384285654,0.886343761827944,0.024299982133277
"437",22.1820870713774,0.0400404176102154,0.0492671554686162,0.886392444787893,0.024299982133277
"438",22.1845656894147,0.0400404176102154,0.049218472508667,0.886392444787893,0.0243486650932262
"439",22.1853391162958,0.0400006555271863,0.049218472508667,0.886392444787893,0.0243884271762552
"440",22.1885919521252,0.0400006555271863,0.0491697895487178,0.886392444787893,0.0244371101362044
"441",22.1896587424749,0.0399608934441573,0.0491697895487178,0.886432206870922,0.0244371101362044
"442",22.192052255002,0.0399211708860617,0.0491697895487178,0.886432206870922,0.0244768326943
"443",22.2086564954249,0.0399211708860617,0.0491211065887685,0.886480889830872,0.0244768326943
"444",22.2156137700277,0.0399211708860617,0.0490724236288193,0.886529572790821,0.0244768326943
"445",22.2165810683504,0.0398814483279662,0.0490724236288193,0.886569295348916,0.0244768326943
"446",22.2236654164005,0.0398417257698706,0.0490724236288193,0.886609017907012,0.0244768326943
"447",22.224524239699,0.0398417257698706,0.0490237406688701,0.886609017907012,0.0245255156542492
"448",22.2328886572636,0.039802003211775,0.0490237406688701,0.886609017907012,0.0245652382123448
"449",22.2524538073637,0.039802003211775,0.0489750577089209,0.886609017907012,0.0246139211722941
"450",22.25551609714,0.0397622806536794,0.0489750577089209,0.886609017907012,0.0246536437303896
"451",22.2985978927034,0.0397622806536794,0.0489263747489716,0.886657700866961,0.0246536437303896
"452",22.298863615218,0.0397225580955838,0.0489263747489716,0.886697423425057,0.0246536437303896
"453",22.3075195476413,0.0397225580955838,0.0488776917890224,0.886697423425057,0.0247023266903389
"454",22.3166482123826,0.0396828355374882,0.0488776917890224,0.886697423425057,0.0247420492484344
"455",22.3326780162752,0.0396828355374882,0.0488290088290732,0.886697423425057,0.0247907322083837
"456",22.341785536746,0.0396431129793927,0.0488290088290732,0.886697423425057,0.0248304547664793
"457",22.3474202938378,0.0396431129793927,0.0487803258691239,0.886746106385006,0.0248304547664793
"458",22.3558218825213,0.0396032305719687,0.0487803258691239,0.88678598879243,0.0248304547664793
"459",22.3961423411965,0.0396032305719687,0.0487316429091747,0.88678598879243,0.0248791377264285
"460",22.3986460785591,0.0395633481645448,0.0487316429091747,0.88678598879243,0.0249190201338524
"461",22.427651336009,0.0395633481645448,0.0486829599492255,0.886834671752379,0.0249190201338524
"462",22.4280192589666,0.0395234657571209,0.0486829599492255,0.886874554159803,0.0249190201338524
"463",22.4443341699066,0.0395234657571209,0.0486342769892763,0.886874554159803,0.0249677030938016
"464",22.4468907279321,0.0394835833496969,0.0486342769892763,0.886874554159803,0.0250075855012256
"465",22.4482847431468,0.0394835833496969,0.0485855940293271,0.886923237119753,0.0250075855012256
"466",22.4513574477579,0.0394835833496969,0.0485369110693778,0.886923237119753,0.0250562684611748
"467",22.4539974398052,0.039443700942273,0.0485369110693778,0.886963119527176,0.0250562684611748
"468",22.4541731568254,0.0394038588201091,0.0485369110693778,0.886963119527176,0.0250961105833387
"469",22.4612389811495,0.0394038588201091,0.0484882281094286,0.887011802487126,0.0250961105833387
"470",22.4619191474601,0.0393639763719106,0.0484882281094286,0.887051684935324,0.0250961105833387
"471",22.4673336911307,0.0393639763719106,0.0484395451494794,0.887100367895273,0.0250961105833387
"472",22.470091167473,0.0393240939237121,0.0484395451494794,0.887140250343472,0.0250961105833387
"473",22.4725953091426,0.0393240939237121,0.0483908621895301,0.887188933303421,0.0250961105833387
"474",22.4770147516184,0.0392842114755136,0.0483908621895301,0.88722881575162,0.0250961105833387
"475",22.4920864788194,0.0392842114755136,0.0483421792295809,0.887277498711569,0.0250961105833387
"476",22.4957393519448,0.0392443290273151,0.0483421792295809,0.887317381159768,0.0250961105833387
"477",22.5452454193599,0.0392443290273151,0.0482934962696317,0.887366064119717,0.0250961105833387
"478",22.548114741428,0.0392443290273151,0.0482448133096825,0.887414747079666,0.0250961105833387
"479",22.5545935829041,0.0392044465791166,0.0482448133096825,0.887454629527865,0.0250961105833387
"480",22.5573969242603,0.0391645641309181,0.0482448133096825,0.887494511976063,0.0250961105833387
"481",22.5597190663334,0.0391645641309181,0.0481961303497332,0.887543194936012,0.0250961105833387
"482",22.5652174013177,0.0391246816827196,0.0481961303497332,0.887583077384211,0.0250961105833387
"483",22.5791666666992,0.0393197092679698,0.0480011027644831,0.887583077384211,0.0250961105833387
"484",22.5820801585085,0.0393197092679698,0.0479524201044786,0.887631760044216,0.0250961105833387
"485",22.5898035777766,0.0392797907814033,0.0479524201044786,0.887671678530782,0.0250961105833387
"486",22.5918821216457,0.0392797907814033,0.047903737444474,0.887720361190787,0.0250961105833387
"487",22.593519409412,0.0392398722948368,0.047903737444474,0.887760279677353,0.0250961105833387
"488",22.6159315484237,0.0392398722948368,0.0478550547844695,0.887808962337357,0.0250961105833387
"489",22.6171443670801,0.0392398722948368,0.0478063721244649,0.887808962337357,0.0251447932433433
"490",22.6246467935654,0.0391999131580804,0.0478063721244649,0.887848921474114,0.0251447932433433
"491",22.6262565865576,0.0391599947129092,0.0478063721244649,0.887848921474114,0.0251847116885144
"492",22.652854796499,0.0391599947129092,0.0477576894644604,0.887848921474114,0.025233394348519
"493",22.6622881256579,0.0391200762677381,0.0477576894644604,0.887848921474114,0.0252733127936901
"494",22.7094203287529,0.0391200762677381,0.0477090068044558,0.887897604134119,0.0252733127936901
"495",22.716269196016,0.0390801578225669,0.0477090068044558,0.88793752257929,0.0252733127936901
"496",22.7450404163036,0.0390801578225669,0.0476603241444513,0.887986205239294,0.0252733127936901
"497",22.7489816078709,0.0390801578225669,0.0476116414844467,0.888034887899299,0.0252733127936901
"498",22.7492657750845,0.0390801578225669,0.0475629588244422,0.888034887899299,0.0253219954536947
"499",22.7499521377083,0.0390402393773957,0.0475629588244422,0.88807480634447,0.0253219954536947
"500",22.7503401533188,0.0390003617069388,0.0475629588244422,0.88807480634447,0.0253618731241517
"501",22.7534654975778,0.0389604840364818,0.0475629588244422,0.888114684014927,0.0253618731241517
"502",22.758167580546,0.0389604840364818,0.0475142761644377,0.888163366674932,0.0253618731241517
"503",22.7597817202827,0.0389205655077558,0.0475142761644377,0.888203285203657,0.0253618731241517
"504",22.7789706086947,0.0389205655077558,0.0474655935044331,0.888251967863662,0.0253618731241517
"505",22.7884880383007,0.03888064697903,0.0474655935044331,0.888291886392388,0.0253618731241517
"506",22.8024129499164,0.03888064697903,0.0474169108444286,0.888340569052392,0.0253618731241517
"507",22.8031788121518,0.03888064697903,0.047368228184424,0.888389251712397,0.0253618731241517
"508",22.8052985219615,0.038840728450304,0.047368228184424,0.888429170241123,0.0253618731241517
"509",22.8066915771924,0.038840728450304,0.0473195455244195,0.888477852901127,0.0253618731241517
"510",22.8073669588444,0.0388008099215781,0.0473195455244195,0.888517771429853,0.0253618731241517
"511",22.8079302879097,0.0387608913928523,0.0473195455244195,0.888557689958579,0.0253618731241517
"512",22.861082263469,0.0387608913928523,0.0472708628644149,0.888606372618584,0.0253618731241517
"513",22.864106273092,0.0387608913928523,0.0472221802044104,0.888655055278588,0.0253618731241517
"514",22.8642618859921,0.0387209728641263,0.0472221802044104,0.888694973807314,0.0253618731241517
"515",22.8667861694723,0.0386810543354004,0.0472221802044104,0.88873489233604,0.0253618731241517
"516",22.880888890889,0.0386810543354004,0.0471734975444058,0.888783574996045,0.0253618731241517
"517",22.8868055554994,0.0386411358066745,0.0471734975444058,0.888823493524771,0.0253618731241517
"518",22.8897758522671,0.0386012172779486,0.0471734975444058,0.888863412053496,0.0253618731241517
"519",22.8996200747788,0.0386012172779486,0.0471248148844013,0.888863412053496,0.0254105557841562
"520",22.8998193423869,0.0385612987492227,0.0471248148844013,0.888863412053496,0.0254504743128821
"521",22.9069143380556,0.0385612987492227,0.0470761322243967,0.888912094713501,0.0254504743128821
"522",22.9104010067938,0.0385612987492227,0.0470274495643922,0.888912094713501,0.0254991569728867
"523",22.9106551189516,0.0385213802204968,0.0470274495643922,0.888952013242227,0.0254991569728867
"524",22.9186657527868,0.0384814616917709,0.0470274495643922,0.888952013242227,0.0255390755016126
"525",22.9898581955996,0.0384814616917709,0.0469787669043876,0.889000695902231,0.0255390755016126
"526",22.9985997157702,0.038441543163045,0.0469787669043876,0.889040614430957,0.0255390755016126
"527",23.0063207906801,0.038441543163045,0.0469300842443831,0.889089297090962,0.0255390755016126
"528",23.0095370673286,0.0384016246343191,0.0469300842443831,0.889129215619688,0.0255390755016126
"529",23.0309644560847,0.0384016246343191,0.0468814015843785,0.889177898279692,0.0255390755016126
"530",23.0318057367001,0.0383617061055932,0.0468814015843785,0.889217816808418,0.0255390755016126
"531",23.0374231057035,0.0383617061055932,0.046832718924374,0.889266499468423,0.0255390755016126
"532",23.0410596049137,0.0383217875768673,0.046832718924374,0.889306417997149,0.0255390755016126
"533",23.0880424703271,0.0383217875768673,0.0467840362643695,0.889355100657153,0.0255390755016126
"534",23.0955898598218,0.0382818690481414,0.0467840362643695,0.889395019185879,0.0255390755016126
"535",23.121533212198,0.0382818690481414,0.0467353536043649,0.889395019185879,0.0255877581616171
"536",23.1271677094367,0.0382419505194155,0.0467353536043649,0.889395019185879,0.025627676690343
"537",23.1574830090228,0.0382419505194155,0.0466866709443604,0.889395019185879,0.0256763593503476
"538",23.1641853379688,0.0382020319906896,0.0466866709443604,0.889395019185879,0.0257162778790735
"539",23.1845244094729,0.0382020319906896,0.0466379882843558,0.889443701845884,0.0257162778790735
"540",23.1857683158014,0.0381621134619637,0.0466379882843558,0.889483620374609,0.0257162778790735
"541",23.1863535270877,0.0381621134619637,0.0465893056243513,0.889483620374609,0.025764960539078
"542",23.190786270682,0.0381621134619637,0.0465406229643467,0.889532303034614,0.025764960539078
"543",23.1949043371542,0.0381221949332378,0.0465406229643467,0.889532303034614,0.0258048790678039
"544",23.1995605716144,0.0380822764045119,0.0465406229643467,0.88957222156334,0.0258048790678039
"545",23.2074144772442,0.0380822764045119,0.0464919403043422,0.889620904223344,0.0258048790678039
"546",23.2164691329446,0.038042357875786,0.0464919403043422,0.88966082275207,0.0258048790678039
"547",23.2205496430397,0.038042357875786,0.0464432576443376,0.889709505412075,0.0258048790678039
"548",23.2248269430781,0.0380024393470601,0.0464432576443376,0.889749423940801,0.0258048790678039
"549",23.2473451801679,0.0380024393470601,0.0463945749843331,0.889798106600805,0.0258048790678039
"550",23.2535525004832,0.0379625208183342,0.0463945749843331,0.889838025129531,0.0258048790678039
"551",23.2727079002916,0.0379625208183342,0.0463458923243286,0.889886707789536,0.0258048790678039
"552",23.2808106707509,0.0379226022896083,0.0463458923243286,0.889926626318262,0.0258048790678039
"553",23.3167253695428,0.0379226022896083,0.046297209664324,0.889926626318262,0.0258535617278085
"554",23.3243649363704,0.0378826837608824,0.046297209664324,0.889926626318262,0.0258934802565344
"555",23.34684712862,0.0378826837608824,0.0462485270043195,0.889975308978266,0.0258934802565344
"556",23.3490266770251,0.0378427652321565,0.0462485270043195,0.890015227506992,0.0258934802565344
"557",23.3520992257529,0.0378427652321565,0.0461998443443149,0.890063910166997,0.0258934802565344
"558",23.3546807921528,0.0378028467034306,0.0461998443443149,0.890103828695723,0.0258934802565344
"559",23.3859643282369,0.0378028467034306,0.0461511616843104,0.890103828695723,0.0259421629165389
"560",23.3911814073256,0.0378028467034306,0.0461024790243058,0.890152511355727,0.0259421629165389
"561",23.3953676637402,0.0377628859775284,0.0461024790243058,0.890152511355727,0.0259821236424411
"562",23.3971629205152,0.0377229674934084,0.0461024790243058,0.890192429839847,0.0259821236424411
"563",23.4062304599879,0.0377229674934084,0.0460537963643013,0.890241112499852,0.0259821236424411
"564",23.4105896832182,0.0376830490092884,0.0460537963643013,0.890281030983972,0.0259821236424411
"565",23.4188750336568,0.0376830490092884,0.0460051137042967,0.890329713643976,0.0259821236424411
"566",23.4214291858176,0.0376830490092884,0.0459564310442922,0.890378396303981,0.0259821236424411
"567",23.4238385519983,0.0376431305251684,0.0459564310442922,0.890418314788101,0.0259821236424411
"568",23.4294042630207,0.0376032120410484,0.0459564310442922,0.890458233272221,0.0259821236424411
"569",23.4313306554544,0.0376032120410484,0.0459077483842876,0.890506915932225,0.0259821236424411
"570",23.4412666198725,0.0375632935569284,0.0459077483842876,0.890546834416345,0.0259821236424411
"571",23.4475665795061,0.0375632935569284,0.0458590657242831,0.89059551707635,0.0259821236424411
"572",23.4499925094683,0.0375233750728084,0.0458590657242831,0.89063543556047,0.0259821236424411
"573",23.4623307717021,0.0375233750728084,0.0458103830642785,0.89063543556047,0.0260308063024456
"574",23.4659006665978,0.0375233750728084,0.045761700404274,0.890684118220474,0.0260308063024456
"575",23.4677147202811,0.0374834565886884,0.045761700404274,0.890684118220474,0.0260707247865656
"576",23.4736660142062,0.0374435381045684,0.045761700404274,0.890724036704594,0.0260707247865656
"577",23.4944815013059,0.0374435381045684,0.0457130177442694,0.890724036704594,0.0261194074465702
"578",23.4979079785282,0.0374036196204484,0.0457130177442694,0.890724036704594,0.0261593259306902
"579",23.5132463604081,0.0374036196204484,0.0456643350842649,0.890772719364599,0.0261593259306902
"580",23.5204918622165,0.0373637011363283,0.0456643350842649,0.890812637848719,0.0261593259306902
"581",23.5473813542889,0.0373637011363283,0.0456156524242603,0.890861320508723,0.0261593259306902
"582",23.5536469096939,0.0373637011363283,0.0455669697642558,0.890861320508723,0.0262080085906947
"583",23.5539150025967,0.0373237399586424,0.0455669697642558,0.890861320508723,0.0262479697683806
"584",23.5547919565256,0.0372838641680883,0.0455669697642558,0.890901196299277,0.0262479697683806
"585",23.5562569722533,0.0372838641680883,0.0455182871042513,0.890949878959282,0.0262479697683806
"586",23.5581181880296,0.0372439456839683,0.0455182871042513,0.890989797443402,0.0262479697683806
"587",23.5729831117723,0.0372439456839683,0.0454696044442467,0.891038480103407,0.0262479697683806
"588",23.5731762386049,0.0372040271998483,0.0454696044442467,0.891078398587526,0.0262479697683806
"589",23.5842693345171,0.0372040271998483,0.0454209217842422,0.891127081247531,0.0262479697683806
"590",23.5850223754915,0.0372040271998483,0.0453722391242376,0.891175763907536,0.0262479697683806
"591",23.586271463583,0.0371641087157283,0.0453722391242376,0.891215682391656,0.0262479697683806
"592",23.5869545700227,0.0371641087157283,0.0453235564642331,0.891215682391656,0.0262966524283852
"593",23.5899860496785,0.0371242330625999,0.0453235564642331,0.891215682391656,0.0263365280815136
"594",23.5923324710607,0.0370843574094714,0.0453235564642331,0.891255558044784,0.0263365280815136
"595",23.6135668043711,0.0370843574094714,0.0452748738042285,0.891255558044784,0.0263852107415182
"596",23.6178251245909,0.0370444388331426,0.0452748738042285,0.891255558044784,0.026425129317847
"597",23.6190712857578,0.0370444388331426,0.045226191144224,0.891304240704789,0.026425129317847
"598",23.6258629790745,0.0370045202568138,0.045226191144224,0.891344159281117,0.026425129317847
"599",23.6937084084253,0.0370045202568138,0.0451775084842194,0.891344159281117,0.0264738119778516
"600",23.6953368417888,0.0369646016804849,0.0451775084842194,0.891344159281117,0.0265137305541804
"601",23.7073463027413,0.0369646016804849,0.0451288258242149,0.891392841941122,0.0265137305541804
"602",23.7077897364895,0.0369646016804849,0.0450801431642103,0.891441524601126,0.0265137305541804
"603",23.7129125391274,0.0369246831041561,0.0450801431642103,0.891481443177455,0.0265137305541804
"604",23.7135530359965,0.0368847645278273,0.0450801431642103,0.891521361753784,0.0265137305541804
"605",23.7415282937388,0.0368847645278273,0.0450314605042058,0.891570044413789,0.0265137305541804
"606",23.7512768420546,0.0368448459514985,0.0450314605042058,0.891609962990118,0.0265137305541804
"607",23.7561045578784,0.0368448459514985,0.0449827778442012,0.891658645650122,0.0265137305541804
"608",23.7577896655327,0.0368448459514985,0.0449340951841967,0.891707328310127,0.0265137305541804
"609",23.7603492580993,0.0368049273751697,0.0449340951841967,0.891747246886455,0.0265137305541804
"610",23.766151952166,0.0367650087988409,0.0449340951841967,0.891787165462784,0.0265137305541804
"611",23.7661552042946,0.0367650087988409,0.0448854125241922,0.891835848122789,0.0265137305541804
"612",23.7687335119968,0.036725090222512,0.0448854125241922,0.891875766699118,0.0265137305541804
"613",23.7751503094688,0.036725090222512,0.0448367298641876,0.891875766699118,0.0265624132141849
"614",23.7772313745885,0.0366851716461832,0.0448367298641876,0.891875766699118,0.0266023317905137
"615",23.7928345749776,0.0366851716461832,0.0447880472041831,0.891875766699118,0.0266510144505183
"616",23.8013904134852,0.0366452530698544,0.0447880472041831,0.891875766699118,0.0266909330268471
"617",23.8028963046769,0.0366452530698544,0.0447393645441785,0.891875766699118,0.0267396156868517
"618",23.8087156427403,0.0366452530698544,0.044690681884174,0.891924449359122,0.0267396156868517
"619",23.8106582097701,0.0366053344935256,0.044690681884174,0.891924449359122,0.0267795342631805
"620",23.8107424364782,0.0365654159171968,0.044690681884174,0.891964367935451,0.0267795342631805
"621",23.8176639866498,0.0365654159171968,0.0446419992241694,0.892013050595456,0.0267795342631805
"622",23.819396115059,0.0365254973408679,0.0446419992241694,0.892052969171784,0.0267795342631805
"623",23.8556616786453,0.0365254973408679,0.0445933165641649,0.892101651831789,0.0267795342631805
"624",23.865099289639,0.0364855787645391,0.0445933165641649,0.892141570408118,0.0267795342631805
"625",23.8764430760509,0.0364855787645391,0.0445446339041603,0.892190253068122,0.0267795342631805
"626",23.8838837073265,0.0364456601882103,0.0445446339041603,0.892230171644451,0.0267795342631805
"627",23.8960722101231,0.0364456601882103,0.0444959512441558,0.892230171644451,0.026828216923185
"628",23.8996588353238,0.0364057416118815,0.0444959512441558,0.892230171644451,0.0268681354995138
"629",23.9131894043209,0.0364057416118815,0.0444472685841512,0.892278854304456,0.0268681354995138
"630",23.9176545659039,0.0363658230355527,0.0444472685841512,0.892318772880785,0.0268681354995138
"631",23.9791227691011,0.0363658230355527,0.0443985859241467,0.892318772880785,0.0269168181595184
"632",23.9830604177732,0.0363259044592239,0.0443985859241467,0.892318772880785,0.0269567367358472
"633",23.9856381850938,0.0363259044592239,0.0443499032641421,0.892318772880785,0.0270054193958517
"634",23.9901755415361,0.036285985882895,0.0443499032641421,0.892318772880785,0.0270453379721806
"635",23.9994823432906,0.036285985882895,0.0443012206041376,0.892318772880785,0.0270940206321851
"636",24.003077407264,0.036285985882895,0.044252537944133,0.892367455540789,0.0270940206321851
"637",24.0045675520023,0.0362460673065662,0.044252537944133,0.892367455540789,0.0271339392085139
"638",24.0079902403559,0.0362061487302374,0.044252537944133,0.892407374117118,0.0271339392085139
"639",24.0812483215751,0.0362061487302374,0.0442038552841285,0.892456056777123,0.0271339392085139
"640",24.0839971215185,0.0361662301539086,0.0442038552841285,0.892495975353451,0.0271339392085139
"641",24.0993235727979,0.0361662301539086,0.0441551726241239,0.892544658013456,0.0271339392085139
"642",24.1045613420286,0.0361263115775798,0.0441551726241239,0.892584576589785,0.0271339392085139
"643",24.1272215992212,0.0361263115775798,0.0441064899641194,0.892633259249789,0.0271339392085139
"644",24.1325882303831,0.036086393001251,0.0441064899641194,0.892673177826118,0.0271339392085139
"645",24.1363517890374,0.036086393001251,0.0440578073041149,0.892721860486123,0.0271339392085139
"646",24.1433841110573,0.036086393001251,0.0440091246441103,0.892770543146127,0.0271339392085139
"647",24.1452433821179,0.0360464744249222,0.0440091246441103,0.892810461722456,0.0271339392085139
"648",24.1489898670458,0.0360065558485933,0.0440091246441103,0.892850380298785,0.0271339392085139
"649",24.1505954931458,0.0360065558485933,0.0439604419841058,0.89289906295879,0.0271339392085139
"650",24.15531503376,0.0359666372722645,0.0439604419841058,0.892938981535118,0.0271339392085139
"651",24.1654595310489,0.0359666372722645,0.0439117593241012,0.892987664195123,0.0271339392085139
"652",24.1685734412439,0.0359267186959357,0.0439117593241012,0.893027582771452,0.0271339392085139
"653",24.1905745897028,0.0359267186959357,0.0438630766640967,0.893076265431456,0.0271339392085139
"654",24.199572478687,0.0358868001196069,0.0438630766640967,0.893116184007785,0.0271339392085139
"655",24.2075613650183,0.0358868001196069,0.0438143940040921,0.89316486666779,0.0271339392085139
"656",24.2138658495682,0.0358468815432781,0.0438143940040921,0.893204785244119,0.0271339392085139
"657",24.22949238701,0.0358468815432781,0.0437657113440876,0.893253467904123,0.0271339392085139
"658",24.2308269434327,0.0358069629669492,0.0437657113440876,0.893293386480452,0.0271339392085139
"659",24.246537959824,0.0358069629669492,0.043717028684083,0.893342069140457,0.0271339392085139
"660",24.2478491213794,0.0357670443906204,0.043717028684083,0.893381987716785,0.0271339392085139
"661",24.254737067576,0.0357670443906204,0.0436683460240785,0.893381987716785,0.0271826218685185
"662",24.25703543344,0.0357271258142916,0.0436683460240785,0.893381987716785,0.0272225404448473
"663",24.2834783730408,0.0357271258142916,0.0436196633640739,0.89343067037679,0.0272225404448473
"664",24.2932652163886,0.0356872072379628,0.0436196633640739,0.893470588953119,0.0272225404448473
"665",24.30355728267,0.0356872072379628,0.0435709807040694,0.893519271613123,0.0272225404448473
"666",24.3066817245343,0.0356872072379628,0.0435222980440648,0.893519271613123,0.0272712231048518
"667",24.3122399790552,0.0356472439599808,0.0435222980440648,0.893519271613123,0.0273111863828339
"668",24.3133280624054,0.0356073254337098,0.0435222980440648,0.893559190139394,0.0273111863828339
"669",24.3606111916403,0.0356073254337098,0.0434736153840603,0.893607872799399,0.0273111863828339
"670",24.3651461877224,0.0355674069074388,0.0434736153840603,0.89364779132567,0.0273111863828339
"671",24.4069596392413,0.0355674069074388,0.0434249327240558,0.89364779132567,0.0273598690428384
"672",24.4114263243973,0.0355674069074388,0.0433762500640512,0.893696473985674,0.0273598690428384
"673",24.4169421672107,0.0355274883811678,0.0433762500640512,0.893696473985674,0.0273997875691094
"674",24.4176893279026,0.0354875698548968,0.0433762500640512,0.893736392511945,0.0273997875691094
"675",24.4340340246757,0.0354875698548968,0.0433275674040467,0.893736392511945,0.0274484702291139
"676",24.4438497693449,0.0354476513286259,0.0433275674040467,0.893736392511945,0.0274883887553849
"677",24.4582178228431,0.0354476513286259,0.0432788847440421,0.89378507517195,0.0274883887553849
"678",24.4606643827226,0.0354077328023549,0.0432788847440421,0.893824993698221,0.0274883887553849
"679",24.4882481613984,0.0354077328023549,0.0432299820494161,0.893873896392847,0.0274883887553849
"680",24.4963761795592,0.0354077328023549,0.04318107935479,0.893922799087473,0.0274883887553849
"681",24.4966509605218,0.0353678142760839,0.04318107935479,0.893962717613744,0.0274883887553849
"682",24.5010019851849,0.035327895749813,0.04318107935479,0.894002636140015,0.0274883887553849
"683",24.5223491092523,0.035327895749813,0.043132176660164,0.894051538834641,0.0274883887553849
"684",24.525128920873,0.035327895749813,0.043083273965538,0.894100441529267,0.0274883887553849
"685",24.5261851169573,0.035287977223542,0.043083273965538,0.894140360055538,0.0274883887553849
"686",24.528294004645,0.035248058697271,0.043083273965538,0.894180278581809,0.0274883887553849
"687",24.5337806281944,0.035248058697271,0.0430343712709119,0.894180278581809,0.027537291450011
"688",24.5367543224835,0.035208140171,0.0430343712709119,0.894180278581809,0.0275772099762819
"689",24.5516563405593,0.035208140171,0.0429854685762859,0.894180278581809,0.027626112670908
"690",24.5548435646513,0.0351682216447291,0.0429854685762859,0.894180278581809,0.027666031197179
"691",24.5570982070025,0.0351682216447291,0.0429365658816599,0.894229181276435,0.027666031197179
"692",24.5645762493894,0.0351283031184581,0.0429365658816599,0.894269099802706,0.027666031197179
"693",24.5694513942076,0.0351283031184581,0.0428876631870338,0.894318002497332,0.027666031197179
"694",24.5711668338309,0.0350883845921871,0.0428876631870338,0.894357921023603,0.027666031197179
"695",24.6020007621911,0.0350883845921871,0.0428387604924078,0.894406823718229,0.027666031197179
"696",24.6048981637875,0.0350484660659161,0.0428387604924078,0.8944467422445,0.027666031197179
"697",24.6061533318322,0.0350484660659161,0.0427898577977818,0.894495644939126,0.027666031197179
"698",24.6071778992109,0.0350484660659161,0.0427409551031557,0.894495644939126,0.027714933891805
"699",24.6073389570347,0.0350085475396451,0.0427409551031557,0.894535563465397,0.027714933891805
"700",24.6099853200942,0.034968674478666,0.0427409551031557,0.894535563465397,0.0277548069527841
"701",24.6298526364068,0.034968674478666,0.0426920524085297,0.894535563465397,0.0278037096474101
"702",24.6328722948387,0.0349287559004941,0.0426920524085297,0.894535563465397,0.0278436282255821
"703",24.6541250343952,0.0349287559004941,0.0426431497139036,0.894584466160023,0.0278436282255821
"704",24.6595177687304,0.0349287559004941,0.0425942470192776,0.894584466160023,0.0278925309202081
"705",24.6603346682718,0.0348888373223221,0.0425942470192776,0.894624384738195,0.0278925309202081
"706",24.6614931185842,0.0348489187441501,0.0425942470192776,0.894624384738195,0.0279324494983801
"707",24.6842015381489,0.0348489187441501,0.0425453443246516,0.894673287432821,0.0279324494983801
"708",24.6923389306041,0.0348090001659781,0.0425453443246516,0.894713206010993,0.0279324494983801
"709",24.7119355015692,0.0348090001659781,0.0424964416300255,0.894713206010993,0.0279813521930062
"710",24.7163180146974,0.0348090001659781,0.0424475389353995,0.894762108705619,0.0279813521930062
"711",24.7176732300714,0.0347690815878061,0.0424475389353995,0.894802027283791,0.0279813521930062
"712",24.7211832743536,0.0347291630096341,0.0424475389353995,0.894802027283791,0.0280212707711782
"713",24.7400680403743,0.0347291630096341,0.0423986362407735,0.894850929978417,0.0280212707711782
"714",24.7473949217755,0.0346892444314621,0.0423986362407735,0.894890848556589,0.0280212707711782
"715",24.7575051176444,0.0346892444314621,0.0423497335461474,0.894939751251215,0.0280212707711782
"716",24.7648747240555,0.0346493258532901,0.0423497335461474,0.894979669829387,0.0280212707711782
"717",24.8209500552359,0.0346493258532901,0.0423008308515214,0.894979669829387,0.0280701734658042
"718",24.821132261306,0.0346493258532901,0.0422519281568953,0.895028572524013,0.0280701734658042
"719",24.8289730450162,0.0346093612329288,0.0422519281568953,0.895068537144374,0.0280701734658042
"720",24.8300221840543,0.0345694427078619,0.0422519281568953,0.895068537144374,0.028110091990871
"721",24.8402498081926,0.0345694427078619,0.0422030254622693,0.895068537144374,0.0281589946854971
"722",24.8462426771172,0.0345295241827951,0.0422030254622693,0.895068537144374,0.0281989132105639
"723",24.8976966378189,0.0345295241827951,0.0421541227676433,0.895068537144374,0.0282478159051899
"724",24.903249549369,0.0345295241827951,0.0421052200730172,0.895068537144374,0.028296718599816
"725",24.9055367672273,0.0344896056577283,0.0421052200730172,0.895068537144374,0.0283366371248828
"726",24.9072535263378,0.0344496871326615,0.0421052200730172,0.895068537144374,0.0283765556499496
"727",24.9173695068393,0.0344496871326615,0.0420563173783912,0.895117439839,0.0283765556499496
"728",24.9192547003428,0.0344496871326615,0.0420074146837652,0.895166342533626,0.0283765556499496
"729",24.9199832708347,0.0344097686075947,0.0420074146837652,0.895206261058693,0.0283765556499496
"730",24.922197172003,0.0343698500825279,0.0420074146837652,0.89524617958376,0.0283765556499496
"731",24.9449339943099,0.0343698500825279,0.0419585119891391,0.895295082278386,0.0283765556499496
"732",24.9492304600604,0.0343698500825279,0.0419096092945131,0.895343984973012,0.0283765556499496
"733",24.9525305975671,0.034329931557461,0.0419096092945131,0.895383903498079,0.0283765556499496
"734",24.9525650477448,0.0342900130323942,0.0419096092945131,0.895423822023146,0.0283765556499496
"735",25.0428762233114,0.0342900130323942,0.0418607065998871,0.895472724717772,0.0283765556499496
"736",25.0432144593861,0.0342900130323942,0.041811803905261,0.895521627412398,0.0283765556499496
"737",25.0448138256436,0.0342500945073274,0.041811803905261,0.895561545937464,0.0283765556499496
"738",25.0487328749124,0.0342101759822606,0.041811803905261,0.895601464462531,0.0283765556499496
"739",25.0794089970489,0.0342101759822606,0.041762901210635,0.895650367157157,0.0283765556499496
"740",25.0809755126635,0.0342101759822606,0.041713998516009,0.895699269851783,0.0283765556499496
"741",25.0816503431221,0.0341702574571938,0.041713998516009,0.89573918837685,0.0283765556499496
"742",25.081774401168,0.0341702574571938,0.0416650958213829,0.895788091071476,0.0283765556499496
"743",25.0842211200959,0.0341702574571938,0.0416161931267569,0.895836993766102,0.0283765556499496
"744",25.0854278796042,0.034130338932127,0.0416161931267569,0.895876912291169,0.0283765556499496
"745",25.0854312466465,0.0340904204070602,0.0416161931267569,0.895916830816236,0.0283765556499496
"746",25.0899617652256,0.0340505018819933,0.0416161931267569,0.895956749341303,0.0283765556499496
"747",25.0945998409556,0.0340505018819933,0.0415672904321308,0.896005652035929,0.0283765556499496
"748",25.0971546967824,0.0340505018819933,0.0415183877375048,0.896054554730555,0.0283765556499496
"749",25.0985288403628,0.0340105833569265,0.0415183877375048,0.896094473255622,0.0283765556499496
"750",25.1063134841652,0.0339706648318597,0.0415183877375048,0.896134391780688,0.0283765556499496
"751",25.1067855552667,0.0339706648318597,0.0414694850428788,0.896183294475314,0.0283765556499496
"752",25.1107146422438,0.0339307463067929,0.0414694850428788,0.896223213000381,0.0283765556499496
"753",25.1455236694051,0.0339307463067929,0.0414205823482527,0.896272115695007,0.0283765556499496
"754",25.1504539031673,0.0338908277817261,0.0414205823482527,0.896312034220074,0.0283765556499496
"755",25.1666710252784,0.0338908277817261,0.0413716796536267,0.8963609369147,0.0283765556499496
"756",25.1692110345982,0.0338509092566593,0.0413716796536267,0.896400855439767,0.0283765556499496
"757",25.1717054729053,0.0338509092566593,0.0413227769590007,0.896449758134393,0.0283765556499496
"758",25.1748380024923,0.0338109907315924,0.0413227769590007,0.89648967665946,0.0283765556499496
"759",25.2228768977194,0.0338109907315924,0.0412738742643746,0.896538579354086,0.0283765556499496
"760",25.2250644746489,0.0337710722065256,0.0412738742643746,0.896578497879153,0.0283765556499496
"761",25.2299756382902,0.0337710722065256,0.0412249715697486,0.896627400573779,0.0283765556499496
"762",25.2344680622647,0.0337311536814588,0.0412249715697486,0.896667319098845,0.0283765556499496
"763",25.2548611110979,0.0316229565763676,0.0433331686748398,0.896667319098845,0.0283765556499496
"764",25.2660574357686,0.0316229565763676,0.0432815815692745,0.896667319098845,0.0284281427555149
"765",25.2672305524567,0.0315854886183388,0.0432815815692745,0.896667319098845,0.0284656107135437
"766",25.3102306847771,0.0315854886183388,0.0432299944637092,0.896667319098845,0.028517197819109
"767",25.3110125375989,0.0315480206603099,0.0432299944637092,0.896667319098845,0.0285546657771379
"768",25.3625858453495,0.0315480206603099,0.0431784073581439,0.896718906204411,0.0285546657771379
"769",25.3679142934407,0.031510552702281,0.0431784073581439,0.89675637416244,0.0285546657771379
"770",25.3711382618158,0.031510552702281,0.0431268202525786,0.896807961268005,0.0285546657771379
"771",25.3722901005236,0.0314730847442522,0.0431268202525786,0.896845429226034,0.0285546657771379
"772",25.4440488140616,0.0314730847442522,0.0430752331470133,0.896897016331599,0.0285546657771379
"773",25.4441589172696,0.0314730847442522,0.0430236460414481,0.896897016331599,0.0286062528827032
"774",25.4443524480773,0.0314356167862233,0.0430236460414481,0.896897016331599,0.028643720840732
"775",25.4447405561205,0.0313981934329063,0.0430236460414481,0.896934439684916,0.028643720840732
"776",25.4522715542052,0.0313981934329063,0.0429720589358828,0.896986026790482,0.028643720840732
"777",25.4570664653071,0.0313607254216499,0.0429720589358828,0.897023494801738,0.028643720840732
"778",25.4630154507381,0.0313607254216499,0.0429204718303175,0.897023494801738,0.0286953079462973
"779",25.4706437211024,0.0313232574103934,0.0429204718303175,0.897023494801738,0.0287327759575538
"780",25.4767358957372,0.0313232574103934,0.0428688847247522,0.897075081907303,0.0287327759575538
"781",25.4853626184866,0.031285789399137,0.0428688847247522,0.89711254991856,0.0287327759575538
"782",25.493074644128,0.031285789399137,0.0428172976191869,0.897164137024125,0.0287327759575538
"783",25.4990132618152,0.0312483213878805,0.0428172976191869,0.897201605035382,0.0287327759575538
"784",25.508565078179,0.0312483213878805,0.0427657105136216,0.897253192140947,0.0287327759575538
"785",25.5121248310639,0.0312483213878805,0.0427141234080563,0.897304779246512,0.0287327759575538
"786",25.5136147536451,0.0312108533766241,0.0427141234080563,0.897342247257769,0.0287327759575538
"787",25.5157059490766,0.0311733853653676,0.0427141234080563,0.897379715269025,0.0287327759575538
"788",25.5426710835761,0.0311733853653676,0.042662536302491,0.89743130237459,0.0287327759575538
"789",25.5444550548248,0.0311359173541112,0.042662536302491,0.897468770385847,0.0287327759575538
"790",25.5706320984496,0.0311359173541112,0.0426109491969258,0.897520357491412,0.0287327759575538
"791",25.5778379214017,0.0310984493428547,0.0426109491969258,0.897557825502668,0.0287327759575538
"792",25.5833333334012,0.0310609813315983,0.0426109491969258,0.897595293513925,0.0287327759575538
"793",25.6038683934344,0.0310609813315983,0.0425593620913605,0.89764688061949,0.0287327759575538
"794",25.6130561213752,0.0310235133203418,0.0425593620913605,0.897684348630747,0.0287327759575538
"795",25.644063892645,0.0310235133203418,0.0425077749857952,0.897684348630747,0.0287843630631191
"796",25.6450386978686,0.0310235133203418,0.0424561878802299,0.897684348630747,0.0288359501686844
"797",25.6465616117848,0.0309860453090854,0.0424561878802299,0.897684348630747,0.0288734181799408
"798",25.6490715035891,0.0309860453090854,0.0424046007746646,0.897735935736312,0.0288734181799408
"799",25.6494397605655,0.0309486225490503,0.0424046007746646,0.897773358496347,0.0288734181799408
"800",25.651966103235,0.0309486225490503,0.0423530136690993,0.897824945601912,0.0288734181799408
"801",25.653492614883,0.0309111090671726,0.0423530136690993,0.897824945601912,0.0289109316618184
"802",25.6572716171469,0.0308736410561821,0.0423530136690993,0.897862413612903,0.0289109316618184
"803",25.6809816355006,0.0308736410561821,0.042301426563534,0.897914000718468,0.0289109316618184
"804",25.6815797121687,0.0308361730451916,0.042301426563534,0.897951468729459,0.0289109316618184
"805",25.6909116061816,0.0308361730451916,0.0422498394579688,0.898003055835024,0.0289109316618184
"806",25.6980128374758,0.0307987050342011,0.0422498394579688,0.898040523846015,0.0289109316618184
"807",25.7069444443987,0.0307612370232106,0.0422498394579688,0.898077991857005,0.0289109316618184
"808",25.7219014018774,0.0307612370232106,0.0421982523524035,0.898077991857005,0.0289625187673837
"809",25.7266511255712,0.0307237690122201,0.0421982523524035,0.898077991857005,0.0289999867783742
"810",25.7275154454013,0.0307237690122201,0.0421466652468382,0.89812957896257,0.0289999867783742
"811",25.7283597276728,0.0307237690122201,0.0420950781412729,0.898181166068136,0.0289999867783742
"812",25.7313618426347,0.0306863010012295,0.0420950781412729,0.898218634079126,0.0289999867783742
"813",25.7343606606855,0.030648832990239,0.0420950781412729,0.898256102090117,0.0289999867783742
"814",25.7678302265704,0.030648832990239,0.0420434910357076,0.898307689195682,0.0289999867783742
"815",25.7696599913901,0.0306113649792485,0.0420434910357076,0.898345157206672,0.0289999867783742
"816",25.8144004220764,0.0306113649792485,0.0419919039301423,0.898396744312238,0.0289999867783742
"817",25.8243665914695,0.030573896968258,0.0419919039301423,0.898434212323228,0.0289999867783742
"818",25.8272257188309,0.030573896968258,0.041940316824577,0.898485799428793,0.0289999867783742
"819",25.8279473321067,0.0305364289572675,0.041940316824577,0.898523267439784,0.0289999867783742
"820",25.9185313183303,0.0305364289572675,0.0418887297190118,0.898523267439784,0.0290515738839395
"821",25.9237056030995,0.0305364289572675,0.0418371426134465,0.898574854545349,0.0290515738839395
"822",25.9264535884281,0.0304989149167794,0.0418371426134465,0.898574854545349,0.0290890879244276
"823",25.9317080026619,0.0304614469623362,0.0418371426134465,0.898612322499792,0.0290890879244276
"824",25.9393747846286,0.0304614469623362,0.0417855555078812,0.898612322499792,0.0291406750299928
"825",25.9443485991765,0.030423979007893,0.0417855555078812,0.898612322499792,0.0291781429844361
"826",25.9512579536272,0.030423979007893,0.0417339684023159,0.898663909605358,0.0291781429844361
"827",25.9575321021813,0.0303865110534498,0.0417339684023159,0.898701377559801,0.0291781429844361
"828",25.9655783004224,0.0303865110534498,0.0416823812967506,0.898701377559801,0.0292297300900014
"829",25.9663469560634,0.0303490430990066,0.0416823812967506,0.898701377559801,0.0292671980444446
"830",25.9811180904508,0.0303490430990066,0.0416307941911853,0.898701377559801,0.0293187851500099
"831",25.9899048791314,0.0303115751445634,0.0416307941911853,0.898701377559801,0.0293562531044531
"832",26.0196571188668,0.0303115751445634,0.0415792070856201,0.898701377559801,0.0294078402100184
"833",26.0274401753225,0.0302741071901201,0.0415792070856201,0.898701377559801,0.0294453081644616
"834",26.0339060541656,0.0302741071901201,0.0415276199800548,0.898752964665366,0.0294453081644616
"835",26.0414509737393,0.0302366392356769,0.0415276199800548,0.898790432619809,0.0294453081644616
"836",26.0931313282176,0.0302366392356769,0.0414760328744895,0.898790432619809,0.0294968952700269
"837",26.1001451686299,0.0301991712812337,0.0414760328744895,0.898790432619809,0.0295343632244701
"838",26.1061584199225,0.0301991712812337,0.0414244457689242,0.898842019725375,0.0295343632244701
"839",26.1091580150856,0.0301991712812337,0.0413728586633589,0.89889360683094,0.0295343632244701
"840",26.1098105413658,0.0301617033267905,0.0413728586633589,0.898931074785383,0.0295343632244701
"841",26.1137657438715,0.0301617033267905,0.0413212715577936,0.898982661890948,0.0295343632244701
"842",26.116062831776,0.0301242353723473,0.0413212715577936,0.899020129845392,0.0295343632244701
"843",26.1212005250303,0.0300867674179041,0.0413212715577936,0.899057597799835,0.0295343632244701
"844",26.137500000099,0.0300492994634608,0.0413212715577936,0.899095065754278,0.0295343632244701
"845",26.1523549809224,0.0300492994634608,0.0412696844522283,0.899146652859843,0.0295343632244701
"846",26.1526432450359,0.0300118315090176,0.0412696844522283,0.899184120814286,0.0295343632244701
"847",26.171178303659,0.0300118315090176,0.0412180973466631,0.899184120814286,0.0295859503300354
"848",26.1796657913039,0.0299743635545744,0.0412180973466631,0.899184120814286,0.0296234182844786
"849",26.1984084062278,0.0299743635545744,0.0411665102410978,0.899184120814286,0.0296750053900439
"850",26.1993194110505,0.0299368956001312,0.0411665102410978,0.899184120814286,0.0297124733444871
"851",26.236322030839,0.0299368956001312,0.0411149231355325,0.899235707919852,0.0297124733444871
"852",26.2381489674695,0.029899427645688,0.0411149231355325,0.899273175874295,0.0297124733444871
"853",26.2564746246646,0.029899427645688,0.0410633360299672,0.89932476297986,0.0297124733444871
"854",26.2604516835134,0.0298619596912447,0.0410633360299672,0.899362230934304,0.0297124733444871
"855",26.2731419834471,0.0298619596912447,0.0410117489244019,0.899362230934304,0.0297640604500524
"856",26.2787360449089,0.0298244917368015,0.0410117489244019,0.899362230934304,0.0298015284044956
"857",26.3007458249728,0.0298244917368015,0.0409601618188366,0.899362230934304,0.0298531155100609
"858",26.3045562857731,0.0297870237823583,0.0409601618188366,0.899362230934304,0.0298905834645041
"859",26.3189722630713,0.0297870237823583,0.0409083135127368,0.899414079240403,0.0298905834645041
"860",26.325378104663,0.0297495558279151,0.0409083135127368,0.899451547194846,0.0298905834645041
"861",26.3401762152751,0.0297495558279151,0.040856465206637,0.899503395500946,0.0298905834645041
"862",26.3500325604187,0.0297120878734719,0.040856465206637,0.89954086345539,0.0298905834645041
"863",26.3813107781443,0.0297120878734719,0.0408046169005373,0.89954086345539,0.0299424317706039
"864",26.3853865478589,0.0296746199190287,0.0408046169005373,0.89954086345539,0.0299798997250471
"865",26.4391007572392,0.0296746199190287,0.0407527685944375,0.89954086345539,0.0300317480311469
"866",26.4400462259849,0.0296746199190287,0.0407009202883377,0.89954086345539,0.0300835963372467
"867",26.4417129360077,0.0296371519645854,0.0407009202883377,0.89954086345539,0.0301210642916899
"868",26.4434381082191,0.0295996840101422,0.0407009202883377,0.89954086345539,0.0301585322461331
"869",26.460584359147,0.0295996840101422,0.0406490719822379,0.899592711761489,0.0301585322461331
"870",26.4642490083574,0.029562216055699,0.0406490719822379,0.899630179715932,0.0301585322461331
"871",26.4746257684325,0.029562216055699,0.0405972236761381,0.899682028022032,0.0301585322461331
"872",26.4769823218192,0.029562216055699,0.0405453753700383,0.899733876328132,0.0301585322461331
"873",26.4838252961045,0.0295247481012558,0.0405453753700383,0.899771344282575,0.0301585322461331
"874",26.4851717091313,0.0294872801468126,0.0405453753700383,0.899808812237018,0.0301585322461331
"875",26.5154754026947,0.0294872801468126,0.0404935270639385,0.899860660543118,0.0301585322461331
"876",26.518912915363,0.0294498121923693,0.0404935270639385,0.899898128497561,0.0301585322461331
"877",26.5293993937472,0.0294498121923693,0.0404416787578387,0.899949976803661,0.0301585322461331
"878",26.5373967099531,0.0294123442379261,0.0404416787578387,0.899987444758104,0.0301585322461331
"879",26.5383483615063,0.0294123442379261,0.0403898304517389,0.900039293064204,0.0301585322461331
"880",26.5481512306781,0.0293748762834829,0.0403898304517389,0.900076761018647,0.0301585322461331
"881",26.599897638749,0.0293748762834829,0.0403379821456391,0.900128609324747,0.0301585322461331
"882",26.6049473200144,0.0293374083290397,0.0403379821456391,0.900166077279191,0.0301585322461331
"883",26.614361986104,0.0293374083290397,0.0402861338395393,0.90021792558529,0.0301585322461331
"884",26.6175405212869,0.0292999403745965,0.0402861338395393,0.900255393539733,0.0301585322461331
"885",26.634250762562,0.0292999403745965,0.0402342855334395,0.900255393539733,0.0302103805522329
"886",26.6409791257644,0.0292624724201533,0.0402342855334395,0.900255393539733,0.0302478485066761
"887",26.6768818361064,0.0292624724201533,0.0401824372273397,0.900307241845833,0.0302478485066761
"888",26.6829456244533,0.02922500446571,0.0401824372273397,0.900344709800276,0.0302478485066761
"889",26.6879393876538,0.02922500446571,0.0401305889212399,0.900396558106376,0.0302478485066761
"890",26.6917575356791,0.0291875365112668,0.0401305889212399,0.900434026060819,0.0302478485066761
"891",26.7232174004118,0.0291875365112668,0.0400787406151401,0.900434026060819,0.0302996968127759
"892",26.7286749722661,0.0291500685568236,0.0400787406151401,0.900434026060819,0.0303371647672191
"893",26.7598302700511,0.0291500685568236,0.0400268923090404,0.900485874366919,0.0303371647672191
"894",26.7690469593555,0.0291126006023804,0.0400268923090404,0.900523342321362,0.0303371647672191
"895",26.8133373363978,0.0291126006023804,0.0399750440029406,0.900575190627462,0.0303371647672191
"896",26.8209001486852,0.0290751326479372,0.0399750440029406,0.900612658581905,0.0303371647672191
"897",26.8417471038798,0.0290751326479372,0.0399231956968408,0.900664506888005,0.0303371647672191
"898",26.8453258064358,0.0290376646934939,0.0399231956968408,0.900701974842448,0.0303371647672191
"899",26.8929598803321,0.0290376646934939,0.039871347390741,0.900753823148548,0.0303371647672191
"900",26.896013583574,0.0290376646934939,0.0398194990846412,0.900805671454648,0.0303371647672191
"901",26.8967526796186,0.0290001967390507,0.0398194990846412,0.900843139409091,0.0303371647672191
"902",26.8992624938923,0.0289627287846075,0.0398194990846412,0.900880607363534,0.0303371647672191
"903",26.9045687334405,0.0289627287846075,0.0397676507785414,0.900932455669634,0.0303371647672191
"904",26.9051654686874,0.0289252608301643,0.0397676507785414,0.900969923624077,0.0303371647672191
"905",26.9110743631091,0.0289252608301643,0.0397158024724416,0.901021771930177,0.0303371647672191
"906",26.913571000927,0.0289252608301643,0.0396639541663418,0.901073620236277,0.0303371647672191
"907",26.9155254226988,0.0288877928757211,0.0396639541663418,0.90111108819072,0.0303371647672191
"908",26.917351808399,0.0288877928757211,0.039612105860242,0.90116293649682,0.0303371647672191
"909",26.919973198803,0.0288503249212779,0.039612105860242,0.901200404451263,0.0303371647672191
"910",26.9235621762578,0.0288128569668346,0.039612105860242,0.901237872405706,0.0303371647672191
"911",26.9288822521555,0.0288128569668346,0.0395602575541422,0.901289720711806,0.0303371647672191
"912",26.9334746596316,0.0287753890123914,0.0395602575541422,0.901327188666249,0.0303371647672191
"913",27.0705975335505,0.0287753890123914,0.0395084092480424,0.901379036972349,0.0303371647672191
"914",27.0804813161557,0.0287377248906474,0.0395084092480424,0.901416701094093,0.0303371647672191
"915",27.1373813819783,0.0287377248906474,0.0394565609419426,0.901416701094093,0.0303890130733189
"916",27.1413607907659,0.0287000607689035,0.0394565609419426,0.901416701094093,0.0304266771950629
"917",27.1441757008433,0.0287000607689035,0.0394047126358428,0.901416701094093,0.0304785255011627
"918",27.1505807478726,0.0286623966471595,0.0394047126358428,0.901416701094093,0.0305161896229067
"919",27.1583487677603,0.0286623966471595,0.0393528643297431,0.901416701094093,0.0305680379290065
"920",27.1668189691315,0.0286247325254155,0.0393528643297431,0.901416701094093,0.0306057020507504
"921",27.1934514679058,0.0286247325254155,0.0393010160236433,0.901468549400193,0.0306057020507504
"922",27.1942699174914,0.0286247325254155,0.0392491677175435,0.901520397706293,0.0306057020507504
"923",27.1988780808946,0.0286247325254155,0.0391973194114437,0.901520397706293,0.0306575503568502
"924",27.200339980261,0.0285870684036716,0.0391973194114437,0.901558061828037,0.0306575503568502
"925",27.2013620695643,0.0285493545931126,0.0391973194114437,0.901558061828037,0.0306952641674092
"926",27.2032088274436,0.0285117401601836,0.0391973194114437,0.901595676260965,0.0306952641674092
"927",27.2439741790295,0.0285117401601836,0.0391454711053439,0.901595676260965,0.030747112473509
"928",27.247352530139,0.0284740760384397,0.0391454711053439,0.901595676260965,0.0307847765952529
"929",27.2807323634624,0.0284740760384397,0.0390936227992441,0.901595676260965,0.0308366249013527
"930",27.2811095198174,0.0284364119166957,0.0390936227992441,0.901595676260965,0.0308742890230967
"931",27.3033304726161,0.0284364119166957,0.0390417744931443,0.901595676260965,0.0309261373291965
"932",27.3089366272875,0.0283987477949517,0.0390417744931443,0.901595676260965,0.0309638014509404
"933",27.3118383822342,0.0283987477949517,0.0389899261870445,0.901647524567065,0.0309638014509404
"934",27.316286287383,0.0283610836732078,0.0389899261870445,0.901685188688809,0.0309638014509404
"935",27.352219970276,0.0283610836732078,0.0389380778809447,0.901685188688809,0.0310156497570402
"936",27.3597292825983,0.0283234195514638,0.0389380778809447,0.901685188688809,0.0310533138787842
"937",27.3650858501593,0.0283234195514638,0.0388862295748449,0.901737036994909,0.0310533138787842
"938",27.3730189447423,0.0282857554297198,0.0388862295748449,0.901774701116653,0.0310533138787842
"939",27.3964324605962,0.0282857554297198,0.0388343812687451,0.901826549422753,0.0310533138787842
"940",27.4000215352008,0.0282480913079759,0.0388343812687451,0.901864213544497,0.0310533138787842
"941",27.4199851569235,0.0282480913079759,0.0387825329626453,0.901916061850597,0.0310533138787842
"942",27.4222369043021,0.0282104271862319,0.0387825329626453,0.90195372597234,0.0310533138787842
"943",27.4313389206739,0.0282104271862319,0.0387306846565455,0.90195372597234,0.031105162184884
"944",27.4332372707878,0.0282104271862319,0.0386788363504457,0.90200557427844,0.031105162184884
"945",27.4353480183989,0.028172712711384,0.0386788363504457,0.902043288753288,0.031105162184884
"946",27.4396496089656,0.028135048656957,0.0386788363504457,0.902043288753288,0.031142826239311
"947",27.4535180537237,0.028135048656957,0.0386269880443459,0.902095137059388,0.031142826239311
"948",27.4551043134832,0.02809738460253,0.0386269880443459,0.902132801113815,0.031142826239311
"949",27.4611693446835,0.02809738460253,0.0385751397382461,0.902132801113815,0.0311946745454108
"950",27.4698419724762,0.028059720548103,0.0385751397382461,0.902132801113815,0.0312323385998378
"951",27.4991954006255,0.028059720548103,0.0385232914321464,0.902132801113815,0.0312841869059375
"952",27.5062924111332,0.0280220564936761,0.0385232914321464,0.902132801113815,0.0313218509603645
"953",27.5247448695203,0.0280220564936761,0.0384714431260466,0.902184649419915,0.0313218509603645
"954",27.5269183023282,0.0279843924392491,0.0384714431260466,0.902222313474342,0.0313218509603645
"955",27.532989030083,0.0279843924392491,0.0384195948199468,0.902274161780442,0.0313218509603645
"956",27.5353765625818,0.0279843924392491,0.038367746513847,0.902326010086541,0.0313218509603645
"957",27.5368430204023,0.0279467283848221,0.038367746513847,0.902363674140968,0.0313218509603645
"958",27.5373451370822,0.0279467283848221,0.0383158982077472,0.902415522447068,0.0313218509603645
"959",27.5381233776136,0.0279090643303951,0.0383158982077472,0.902453186501495,0.0313218509603645
"960",27.5444655322266,0.0278714002759681,0.0383158982077472,0.902490850555922,0.0313218509603645
"961",27.5669039050604,0.0278714002759681,0.0382640499016474,0.902542698862022,0.0313218509603645
"962",27.5739565145688,0.0278337362215411,0.0382640499016474,0.902580362916449,0.0313218509603645
"963",27.5947597035103,0.0278337362215411,0.0382122015955476,0.902632211222548,0.0313218509603645
"964",27.6034040591786,0.0277960721671141,0.0382122015955476,0.902669875276975,0.0313218509603645
"965",27.6143338810076,0.0277960721671141,0.0381603532894478,0.902669875276975,0.0313736992664643
"966",27.6170171540644,0.0277960721671141,0.038108504983348,0.902721723583075,0.0313736992664643
"967",27.6217557317001,0.0277584081126872,0.038108504983348,0.902721723583075,0.0314113633208913
"968",27.622580861004,0.0277207440582602,0.038108504983348,0.902759387637502,0.0314113633208913
"969",27.6252551197757,0.0277207440582602,0.0380566566772482,0.902811235943602,0.0314113633208913
"970",27.6287791469607,0.0276830800038332,0.0380566566772482,0.902848899998029,0.0314113633208913
"971",27.6324844248593,0.0276830800038332,0.0380048083711484,0.902900748304129,0.0314113633208913
"972",27.6417554599838,0.0276454159494062,0.0380048083711484,0.902938412358556,0.0314113633208913
"973",27.7215702926947,0.0276454159494062,0.0379529600650486,0.902990260664655,0.0314113633208913
"974",27.7240945387839,0.0276077518949792,0.0379529600650486,0.903027924719082,0.0314113633208913
"975",27.7375993372666,0.0276077518949792,0.0379011117589488,0.903079773025182,0.0314113633208913
"976",27.7416684408155,0.0276077518949792,0.0378492634528491,0.903131621331282,0.0314113633208913
"977",27.7425192295345,0.0276077518949792,0.0377974151467493,0.903131621331282,0.0314632116269911
"978",27.7425468526855,0.0275700878405522,0.0377974151467493,0.903131621331282,0.0315008756814181
"979",27.7440370123549,0.0275324237861253,0.0377974151467493,0.903169285385709,0.0315008756814181
"980",27.7463945745423,0.0274947597316983,0.0377974151467493,0.903206949440136,0.0315008756814181
"981",27.7550728114115,0.0274947597316983,0.0377455668406495,0.903258797746236,0.0315008756814181
"982",27.7583726011217,0.0274947597316983,0.0376937185345497,0.903310646052335,0.0315008756814181
"983",27.760687647709,0.0274570956772713,0.0376937185345497,0.903348310106762,0.0315008756814181
"984",27.7640752901269,0.0274570956772713,0.0376418702284499,0.903400158412862,0.0315008756814181
"985",27.7647929084154,0.0274194316228443,0.0376418702284499,0.903437822467289,0.0315008756814181
"986",27.7680443140189,0.0273817675684173,0.0376418702284499,0.903475486521716,0.0315008756814181
"987",27.7762210257351,0.0273817675684173,0.0375900219223501,0.903475486521716,0.0315527239875179
"988",27.7844670325797,0.0273441035139903,0.0375900219223501,0.903475486521716,0.0315903880419449
"989",27.8105872012675,0.0273441035139903,0.0375381736162503,0.903475486521716,0.0316422363480447
"990",27.8182338792714,0.0273064394595633,0.0375381736162503,0.903475486521716,0.0316799004024717
"991",27.8426368671159,0.0273064394595633,0.0374863253101505,0.903475486521716,0.0317317487085714
"992",27.8492361878355,0.0273064394595633,0.0374344770040507,0.903475486521716,0.0317835970146712
"993",27.8525848514439,0.0272687754051364,0.0374344770040507,0.903475486521716,0.0318212610690982
"994",27.8548153354678,0.0272311113507094,0.0374344770040507,0.903475486521716,0.0318589251235252
"995",27.8717665618654,0.0272311113507094,0.0373826286979509,0.903527334827816,0.0318589251235252
"996",27.8813037404693,0.0271934472962824,0.0373826286979509,0.903564998882243,0.0318589251235252
"997",27.925512726636,0.0271934472962824,0.0373307803918511,0.903616847188343,0.0318589251235252
"998",27.9327908049252,0.0271557832418554,0.0373307803918511,0.90365451124277,0.0318589251235252
"999",27.9522703338205,0.0271557832418554,0.0372789320857513,0.903706359548869,0.0318589251235252
"1000",27.9567781124287,0.0271181191874284,0.0372789320857513,0.903744023603296,0.0318589251235252
"1001",27.968526115511,0.0271181191874284,0.0372270837796515,0.903744023603296,0.031910773429625
"1002",27.9755773553839,0.0270804551330014,0.0372270837796515,0.903744023603296,0.031948437484052
"1003",27.9777567783992,0.0270804551330014,0.0371752354735518,0.903744023603296,0.0320002857901518
"1004",27.9780454397566,0.0270427910785745,0.0371752354735518,0.903744023603296,0.0320379498445788
"1005",27.9930066680052,0.0270427910785745,0.037123387167452,0.903744023603296,0.0320897981506785
"1006",27.9988629859014,0.0270427910785745,0.0370715388613522,0.903744023603296,0.0321416464567783
"1007",27.9990026306762,0.0270050744940855,0.0370715388613522,0.903744023603296,0.0321793630412673
"1008",28.0025561230842,0.0269673579095966,0.0370715388613522,0.903744023603296,0.0322170796257562
"1009",28.0149006028142,0.0269673579095966,0.0370196905552524,0.903795871909396,0.0322170796257562
"1010",28.0174894777308,0.0269296413251076,0.0370196905552524,0.903833588493885,0.0322170796257562
"1011",28.0217042143146,0.0269296413251076,0.0369678422491526,0.903885436799985,0.0322170796257562
"1012",28.0242190646629,0.0269296413251076,0.0369159939430528,0.903937285106085,0.0322170796257562
"1013",28.0287258210025,0.0268919247406187,0.0369159939430528,0.903975001690574,0.0322170796257562
"1014",28.0307667429854,0.0268542081561297,0.0369159939430528,0.904012718275063,0.0322170796257562
"1015",28.0785366222262,0.0268542081561297,0.036864145636953,0.904064566581162,0.0322170796257562
"1016",28.0814843632001,0.0268164915716408,0.036864145636953,0.904102283165651,0.0322170796257562
"1017",28.1481914896932,0.0268164915716408,0.0368122973308532,0.904154131471751,0.0322170796257562
"1018",28.1528410009462,0.0268164915716408,0.0367604490247534,0.904205979777851,0.0322170796257562
"1019",28.1533325248294,0.0268164915716408,0.0367086007186536,0.904257828083951,0.0322170796257562
"1020",28.155178976241,0.0267787749871518,0.0367086007186536,0.90429554466844,0.0322170796257562
"1021",28.1575132034033,0.0267410584026629,0.0367086007186536,0.904333261252929,0.0322170796257562
"1022",28.157710574781,0.0267033418181739,0.0367086007186536,0.904370977837418,0.0322170796257562
"1023",28.2041666666992,0.026665625233685,0.0367086007186536,0.904408694421907,0.0322170796257562
"1024",28.2146066067119,0.026665625233685,0.0366567524125538,0.904460542728006,0.0322170796257562
"1025",28.2153590069882,0.026627908649196,0.0366567524125538,0.904498259312495,0.0322170796257562
"1026",28.2431824600531,0.026627908649196,0.036604904106454,0.904550107618595,0.0322170796257562
"1027",28.2473740325206,0.026627908649196,0.0365530558003542,0.904601955924695,0.0322170796257562
"1028",28.2481142250958,0.0265901920647071,0.0365530558003542,0.904639672509184,0.0322170796257562
"1029",28.2509287252194,0.0265901920647071,0.0365012074942544,0.904691520815284,0.0322170796257562
"1030",28.252232914715,0.0265524754802182,0.0365012074942544,0.904729237399773,0.0322170796257562
"1031",28.2535222664998,0.0265147588957292,0.0365012074942544,0.904766953984262,0.0322170796257562
"1032",28.2591246720009,0.0265147588957292,0.0364493591881547,0.904818802290362,0.0322170796257562
"1033",28.265750459945,0.0264770423112403,0.0364493591881547,0.904856518874851,0.0322170796257562
"1034",28.3196860666742,0.0264770423112403,0.0363975108820549,0.90490836718095,0.0322170796257562
"1035",28.3235650096886,0.0264393257267513,0.0363975108820549,0.904946083765439,0.0322170796257562
"1036",28.3290608196358,0.0264393257267513,0.0363456625759551,0.904997932071539,0.0322170796257562
"1037",28.3345716544429,0.0264016091422624,0.0363456625759551,0.905035648656028,0.0322170796257562
"1038",28.3398122373554,0.0264016091422624,0.0362938142698553,0.905087496962128,0.0322170796257562
"1039",28.3451837541329,0.0264016091422624,0.0362419659637555,0.905139345268228,0.0322170796257562
"1040",28.3474629887149,0.0263638925577734,0.0362419659637555,0.905177061852717,0.0322170796257562
"1041",28.3480132373102,0.0263261759732845,0.0362419659637555,0.905214778437206,0.0322170796257562
"1042",28.3499325358537,0.0263261759732845,0.0361901176576557,0.905266626743305,0.0322170796257562
"1043",28.350196711719,0.0263261759732845,0.0361382693515559,0.905266626743305,0.032268927931856
"1044",28.3511004447188,0.0262884593887955,0.0361382693515559,0.905304343327795,0.032268927931856
"1045",28.3521332140407,0.026250850720142,0.0361382693515559,0.905304343327795,0.0323065366005095
"1046",28.4579155296087,0.026250850720142,0.0360864210454561,0.905356191633894,0.0323065366005095
"1047",28.4612662766908,0.026250850720142,0.0360345727393563,0.905356191633894,0.0323583849066093
"1048",28.4614411753913,0.026250850720142,0.0359827244332565,0.905408039939994,0.0323583849066093
"1049",28.4619813145565,0.0262131339806016,0.0359827244332565,0.905445756679534,0.0323583849066093
"1050",28.4642423791275,0.0261754172410612,0.0359827244332565,0.905483473419075,0.0323583849066093
"1051",28.4653783401788,0.0261377547702107,0.0359827244332565,0.905483473419075,0.0323960473774598
"1052",28.4715154722766,0.0261377547702107,0.0359308761271567,0.905535321725175,0.0323960473774598
"1053",28.4749927366795,0.0261000379523605,0.0359308761271567,0.905573038543025,0.0323960473774598
"1054",28.5311818073193,0.0261000379523605,0.0358790278210569,0.905624886849125,0.0323960473774598
"1055",28.5391142587146,0.0260623211345103,0.0358790278210569,0.905662603666975,0.0323960473774598
"1056",28.5461776949389,0.0260623211345103,0.0358271795149571,0.905662603666975,0.0324478956835596
"1057",28.5463522909017,0.02602460431666,0.0358271795149571,0.905662603666975,0.0324856125014098
"1058",28.5745297819376,0.02602460431666,0.0357753312088574,0.905662603666975,0.0325374608075096
"1059",28.5774438883015,0.0259868874988098,0.0357753312088574,0.905662603666975,0.0325751776253598
"1060",28.5908516964151,0.0259868874988098,0.0357234829027576,0.905714451973075,0.0325751776253598
"1061",28.5913205642739,0.0259491706809596,0.0357234829027576,0.905752168790925,0.0325751776253598
"1062",28.5934497035212,0.0259491706809596,0.0356716345966578,0.905804017097025,0.0325751776253598
"1063",28.5972883310624,0.0259491706809596,0.035619786290558,0.905855865403125,0.0325751776253598
"1064",28.5996252386867,0.0259114538631093,0.035619786290558,0.905893582220975,0.0325751776253598
"1065",28.6026388742808,0.0258737370452591,0.035619786290558,0.905931299038825,0.0325751776253598
"1066",28.6363997494776,0.0258737370452591,0.0355679379844582,0.905983147344925,0.0325751776253598
"1067",28.6381013450187,0.0258360202274089,0.0355679379844582,0.906020864162775,0.0325751776253598
"1068",28.6500696412389,0.0258360202274089,0.0355160896783584,0.906072712468875,0.0325751776253598
"1069",28.6561932276337,0.0257983034095586,0.0355160896783584,0.906110429286725,0.0325751776253598
"1070",28.6630353116327,0.0257983034095586,0.0354642413722586,0.906162277592825,0.0325751776253598
"1071",28.6658456749994,0.0257605865917084,0.0354642413722586,0.906199994410675,0.0325751776253598
"1072",28.689525095539,0.0257605865917084,0.0354123930661588,0.906251842716775,0.0325751776253598
"1073",28.6956027873911,0.0257228697738582,0.0354123930661588,0.906289559534625,0.0325751776253598
"1074",28.7676292628878,0.0257228697738582,0.035360544760059,0.906341407840725,0.0325751776253598
"1075",28.7686097472733,0.0256851529560079,0.035360544760059,0.906379124658575,0.0325751776253598
"1076",28.768977176398,0.0256851529560079,0.0353086964539592,0.906430972964675,0.0325751776253598
"1077",28.7773063201434,0.0256474361381577,0.0353086964539592,0.906468689782525,0.0325751776253598
"1078",28.7993960518852,0.0256474361381577,0.0352568481478594,0.906520538088625,0.0325751776253598
"1079",28.8001085966239,0.0256097193203075,0.0352568481478594,0.906558254906475,0.0325751776253598
"1080",28.8264214879435,0.0256097193203075,0.0352049998417596,0.906610103212575,0.0325751776253598
"1081",28.8283496321075,0.0256097193203075,0.0351531515356598,0.906661951518675,0.0325751776253598
"1082",28.8317292982562,0.0255720025024572,0.0351531515356598,0.906699668336525,0.0325751776253598
"1083",28.833465928491,0.025534285684607,0.0351531515356598,0.906737385154376,0.0325751776253598
"1084",28.8494863497714,0.025534285684607,0.03510130322956,0.906737385154376,0.0326270259314596
"1085",28.8544331524107,0.025534285684607,0.0350494549234602,0.906789233460475,0.0326270259314596
"1086",28.8546908633846,0.0254965130726475,0.0350494549234602,0.906789233460475,0.0326647985434191
"1087",28.8581487234524,0.025458796337333,0.0350494549234602,0.90682695019579,0.0326647985434191
"1088",28.8829302676022,0.025458796337333,0.0349976066173605,0.90687879850189,0.0326647985434191
"1089",28.8908086941973,0.0254210796020184,0.0349976066173605,0.906916515237204,0.0326647985434191
"1090",28.9645245920317,0.0254210796020184,0.0349457583112607,0.906916515237204,0.0327166468495189
"1091",28.9690063256616,0.0253833628667038,0.0349457583112607,0.906916515237204,0.0327543635848334
"1092",28.9926077010972,0.0253833628667038,0.0348939100051609,0.906968363543304,0.0327543635848334
"1093",28.9952443241724,0.0253456461313893,0.0348939100051609,0.907006080278619,0.0327543635848334
"1094",29.0324793762299,0.0253456461313893,0.0348420616990611,0.907006080278619,0.0328062118909332
"1095",29.0332087780097,0.0253079293960747,0.0348420616990611,0.907006080278619,0.0328439286262478
"1096",29.0658620397539,0.0253079293960747,0.0347902133929613,0.907006080278619,0.0328957769323476
"1097",29.0691293036311,0.0252702126607601,0.0347902133929613,0.907006080278619,0.0329334936676622
"1098",29.1149351178772,0.0252702126607601,0.0347383650868615,0.907057928584718,0.0329334936676622
"1099",29.123614889999,0.0252324959254456,0.0347383650868615,0.907095645320033,0.0329334936676622
"1100",29.1338548945884,0.0252324959254456,0.0346865167807617,0.907147493626133,0.0329334936676622
"1101",29.1412890282754,0.025194779190131,0.0346865167807617,0.907185210361448,0.0329334936676622
"1102",29.1441163205438,0.025194779190131,0.0346346684746619,0.907237058667547,0.0329334936676622
"1103",29.1452438380699,0.0251570624548164,0.0346346684746619,0.907274775402862,0.0329334936676622
"1104",29.1576669385501,0.0251570624548164,0.0345828201685621,0.907274775402862,0.032985341973762
"1105",29.1650003703932,0.0251570624548164,0.0345309718624623,0.907326623708962,0.032985341973762
"1106",29.166817651734,0.0251193457195019,0.0345309718624623,0.907326623708962,0.0330230587090765
"1107",29.173521982299,0.0251193457195019,0.0344791235563625,0.907378472015061,0.0330230587090765
"1108",29.1736111110949,0.0251711940256017,0.0344272752502627,0.907378472015061,0.0330230587090765
"1109",29.1738411843676,0.0251334561035243,0.0344272752502627,0.907416209937139,0.0330230587090765
"1110",29.175033790464,0.0251334561035243,0.0343754269441629,0.907468058243239,0.0330230587090765
"1111",29.1764964128847,0.0250957181814469,0.0343754269441629,0.907505796165316,0.0330230587090765
"1112",29.1846414505406,0.0250579802593696,0.0343754269441629,0.907543534087394,0.0330230587090765
"1113",29.2090404315127,0.0250579802593696,0.0343235786380631,0.907595382393493,0.0330230587090765
"1114",29.2120505994369,0.0250202423372922,0.0343235786380631,0.907633120315571,0.0330230587090765
"1115",29.2227648148934,0.0250202423372922,0.0342717303319633,0.90768496862167,0.0330230587090765
"1116",29.2274743197455,0.0249825044152148,0.0342717303319633,0.907722706543748,0.0330230587090765
"1117",29.2608922815157,0.0249825044152148,0.0342198820258635,0.907774554849848,0.0330230587090765
"1118",29.2636070205501,0.0249447664931375,0.0342198820258635,0.907812292771925,0.0330230587090765
"1119",29.2753270674083,0.0249447664931375,0.0341680337197638,0.907864141078025,0.0330230587090765
"1120",29.2847347977087,0.0249070285710601,0.0341680337197638,0.907901879000102,0.0330230587090765
"1121",29.3057517409325,0.0249070285710601,0.034116185413664,0.907953727306202,0.0330230587090765
"1122",29.3083070624206,0.0249070285710601,0.0340643371075642,0.908005575612302,0.0330230587090765
"1123",29.3084830631828,0.0248692906489827,0.0340643371075642,0.908043313534379,0.0330230587090765
"1124",29.3091331795888,0.0248315527269054,0.0340643371075642,0.908081051456457,0.0330230587090765
"1125",29.3189823991723,0.0248315527269054,0.0340124888014644,0.908132899762557,0.0330230587090765
"1126",29.3241119862009,0.024793814804828,0.0340124888014644,0.908170637684634,0.0330230587090765
"1127",29.3320326842452,0.024793814804828,0.0339606404953646,0.908222485990734,0.0330230587090765
"1128",29.3364781710008,0.0247560768827507,0.0339606404953646,0.908260223912811,0.0330230587090765
"1129",29.3407468847009,0.0247560768827507,0.0339087921892648,0.908312072218911,0.0330230587090765
"1130",29.3423931582106,0.0247560768827507,0.033856943883165,0.908363920525011,0.0330230587090765
"1131",29.3437597328621,0.0247183389606733,0.033856943883165,0.908401658447088,0.0330230587090765
"1132",29.3520877201061,0.0246806010385959,0.033856943883165,0.908439396369166,0.0330230587090765
"1133",29.3892530248935,0.0246806010385959,0.0338050955770652,0.908491244675265,0.0330230587090765
"1134",29.3912523579031,0.0246428631165186,0.0338050955770652,0.908528982597343,0.0330230587090765
"1135",29.4248528418442,0.0246428631165186,0.0337532472709654,0.908528982597343,0.0330749070151763
"1136",29.4291576058193,0.0246051251944412,0.0337532472709654,0.908528982597343,0.0331126449372537
"1137",29.446034045683,0.0246051251944412,0.0337013989648656,0.908580830903443,0.0331126449372537
"1138",29.4509365691079,0.0246051251944412,0.0336495506587658,0.908632679209542,0.0331126449372537
"1139",29.4519518397542,0.0245673872723638,0.0336495506587658,0.90867041713162,0.0331126449372537
"1140",29.4521063930458,0.0245673872723638,0.033597702352666,0.90872226543772,0.0331126449372537
"1141",29.4562001585003,0.0245296493502865,0.033597702352666,0.908760003359797,0.0331126449372537
"1142",29.4566562637488,0.0244919114282091,0.033597702352666,0.908797741281874,0.0331126449372537
"1143",29.586413378337,0.0244919114282091,0.0335458540465662,0.908849589587974,0.0331126449372537
"1144",29.5927495691237,0.0244541152685977,0.0335458540465662,0.908887385747586,0.0331126449372537
"1145",29.6004766069967,0.0244541152685977,0.0334940057404664,0.908939234053685,0.0331126449372537
"1146",29.610347175485,0.0244163191089862,0.0334940057404664,0.908977030213297,0.0331126449372537
"1147",29.6142275188532,0.0244163191089862,0.0334421574343667,0.909028878519397,0.0331126449372537
"1148",29.6175564955682,0.0243785229493748,0.0334421574343667,0.909066674679008,0.0331126449372537
"1149",29.6677200487918,0.0243785229493748,0.0333903091282669,0.909118522985108,0.0331126449372537
"1150",29.6743214884061,0.0243407267897634,0.0333903091282669,0.909156319144719,0.0331126449372537
"1151",29.6896367207676,0.0243407267897634,0.0333384608221671,0.909156319144719,0.0331644932433535
"1152",29.6994954088395,0.0243029306301519,0.0333384608221671,0.909156319144719,0.0332022894029649
"1153",29.7029229121622,0.0243029306301519,0.0332866125160673,0.909156319144719,0.0332541377090647
"1154",29.712171897943,0.0242651344705405,0.0332866125160673,0.909156319144719,0.0332919338686761
"1155",29.7825192578005,0.0242651344705405,0.0332347642099675,0.909156319144719,0.0333437821747759
"1156",29.790738005164,0.0242273383109291,0.0332347642099675,0.909156319144719,0.0333815783343874
"1157",29.7994532572726,0.0242273383109291,0.0331829159038677,0.909208167450819,0.0333815783343874
"1158",29.8006152316687,0.0241895421513176,0.0331829159038677,0.909245963610431,0.0333815783343874
"1159",29.8915099923809,0.0241895421513176,0.0331310675977679,0.90929781191653,0.0333815783343874
"1160",29.8988938609216,0.0241517459917062,0.0331310675977679,0.909335608076142,0.0333815783343874
"1161",29.9012528077352,0.0241517459917062,0.0330792192916681,0.909387456382242,0.0333815783343874
"1162",29.9052999344866,0.0241139498320948,0.0330792192916681,0.909425252541853,0.0333815783343874
"1163",29.9114234592352,0.0241139498320948,0.0330273709855683,0.909477100847953,0.0333815783343874
"1164",29.9187696569628,0.0240761536724833,0.0330273709855683,0.909514897007564,0.0333815783343874
"1165",29.9235690956314,0.0240761536724833,0.0329755226794685,0.909566745313664,0.0333815783343874
"1166",29.9271706698982,0.0240383575128719,0.0329755226794685,0.909604541473276,0.0333815783343874
"1167",29.9752741490402,0.0240383575128719,0.0329236743733687,0.909656389779375,0.0333815783343874
"1168",29.9830701669885,0.0240383575128719,0.0328718260672689,0.909708238085475,0.0333815783343874
"1169",29.9838330685584,0.0240005613532605,0.0328718260672689,0.909746034245087,0.0333815783343874
"1170",29.9886165222476,0.023962765193649,0.0328718260672689,0.909783830404698,0.0333815783343874
"1171",29.9993843411406,0.023962765193649,0.0328199777611691,0.909835678710798,0.0333815783343874
"1172",30.0026936861159,0.0239249690340376,0.0328199777611691,0.909873474870409,0.0333815783343874
"1173",30.0169257707894,0.0239249690340376,0.0327681294550694,0.909925323176509,0.0333815783343874
"1174",30.0202685669065,0.0239249690340376,0.0327162811489696,0.909977171482609,0.0333815783343874
"1175",30.0226863074559,0.0238871728744262,0.0327162811489696,0.910014967642221,0.0333815783343874
"1176",30.0259536806908,0.0238871728744262,0.0326644328428698,0.91006681594832,0.0333815783343874
"1177",30.0268586302176,0.0238493767148147,0.0326644328428698,0.910104612107932,0.0333815783343874
"1178",30.0296817518277,0.0238115805552033,0.0326644328428698,0.910142408267543,0.0333815783343874
"1179",30.0450198923548,0.0238115805552033,0.03261258453677,0.910194256573643,0.0333815783343874
"1180",30.0487649821731,0.0237737843955919,0.03261258453677,0.910232052733254,0.0333815783343874
"1181",30.0739604723122,0.0237737843955919,0.0325607362306702,0.910283901039354,0.0333815783343874
"1182",30.083848936877,0.0237737843955919,0.0325088879245704,0.910283901039354,0.0334334266404872
"1183",30.0838569731865,0.0237359882359804,0.0325088879245704,0.910321697198966,0.0334334266404872
"1184",30.0928158532388,0.023698192076369,0.0325088879245704,0.910321697198966,0.0334712228000986
"1185",30.1457561895734,0.023698192076369,0.0324570396184706,0.910373545505066,0.0334712228000986
"1186",30.1534454436244,0.0236603959167576,0.0324570396184706,0.910411341664677,0.0334712228000986
"1187",30.1887437136675,0.0236603959167576,0.0324051913123708,0.910463189970777,0.0334712228000986
"1188",30.1893968282076,0.0236225997571461,0.0324051913123708,0.910500986130388,0.0334712228000986
"1189",30.2372702347736,0.0236225997571461,0.032353343006271,0.910500986130388,0.0335230711061984
"1190",30.2380690905374,0.0235848035975347,0.032353343006271,0.910500986130388,0.0335608672658098
"1191",30.2766307724847,0.0235848035975347,0.0323014947001712,0.910552834436488,0.0335608672658098
"1192",30.2767494136023,0.0235470074379233,0.0323014947001712,0.9105906305961,0.0335608672658098
"1193",30.3103087523745,0.0235470074379233,0.0322496463940714,0.910642478902199,0.0335608672658098
"1194",30.3130785394532,0.0235092112783118,0.0322496463940714,0.910680275061811,0.0335608672658098
"1195",30.3228058492144,0.0235092112783118,0.0321977980879716,0.910732123367911,0.0335608672658098
"1196",30.326536856837,0.0234714151187004,0.0321977980879716,0.910769919527522,0.0335608672658098
"1197",30.3641462028027,0.0234714151187004,0.0321459497818718,0.910821767833622,0.0335608672658098
"1198",30.3679490305111,0.023433618959089,0.0321459497818718,0.910859563993233,0.0335608672658098
"1199",30.4009217512276,0.023433618959089,0.032094101475772,0.910911412299333,0.0335608672658098
"1200",30.4063588020702,0.023433618959089,0.0320422531696722,0.910963260605433,0.0335608672658098
"1201",30.4074354173936,0.0233958227994775,0.0320422531696722,0.911001056765044,0.0335608672658098
"1202",30.4112401596884,0.0233580266398661,0.0320422531696722,0.911038852924656,0.0335608672658098
"1203",30.4227624866698,0.0233580266398661,0.0319904048635724,0.911090701230756,0.0335608672658098
"1204",30.4282359302142,0.0233202304802547,0.0319904048635724,0.911128497390367,0.0335608672658098
"1205",30.4384457725618,0.0233202304802547,0.0319385565574727,0.911180345696467,0.0335608672658098
"1206",30.4400417386658,0.0233202304802547,0.0318867082513729,0.911232194002567,0.0335608672658098
"1207",30.4415152884611,0.0232824343206432,0.0318867082513729,0.911269990162178,0.0335608672658098
"1208",30.4422367351694,0.0232446381610318,0.0318867082513729,0.91130778632179,0.0335608672658098
"1209",30.474963851687,0.0232446381610318,0.0318348599452731,0.911359634627889,0.0335608672658098
"1210",30.4792059683795,0.0232068420014204,0.0318348599452731,0.911397430787501,0.0335608672658098
"1211",30.512489652882,0.0232068420014204,0.0317830116391733,0.911449279093601,0.0335608672658098
"1212",30.5207525539064,0.0231690458418089,0.0317830116391733,0.911487075253212,0.0335608672658098
"1213",30.6371121514175,0.0231690458418089,0.0317311633330735,0.911538923559312,0.0335608672658098
"1214",30.6396960863922,0.0231690458418089,0.0316793150269737,0.911590771865412,0.0335608672658098
"1215",30.641959402739,0.0231312496821975,0.0316793150269737,0.911628568025023,0.0335608672658098
"1216",30.6464486673456,0.0230934535225861,0.0316793150269737,0.911666364184635,0.0335608672658098
"1217",30.649975558122,0.0230934535225861,0.0316274667208739,0.911718212490734,0.0335608672658098
"1218",30.6527290787253,0.0230556573629746,0.0316274667208739,0.911756008650346,0.0335608672658098
"1219",30.6676950669951,0.0230556573629746,0.0315756184147741,0.911807856956446,0.0335608672658098
"1220",30.6713008976912,0.0230556573629746,0.0315237701086743,0.911859705262546,0.0335608672658098
"1221",30.6735784593556,0.0230556573629746,0.0314719218025745,0.911911553568645,0.0335608672658098
"1222",30.673995914674,0.0230178612033632,0.0314719218025745,0.911949349728257,0.0335608672658098
"1223",30.6751353247438,0.0229800650437518,0.0314719218025745,0.911987145887868,0.0335608672658098
"1224",30.6767765446576,0.0229422688841403,0.0314719218025745,0.91202494204748,0.0335608672658098
"1225",30.7900897901919,0.0229422688841403,0.0314200734964747,0.912076790353579,0.0335608672658098
"1226",30.7967728719366,0.0229044727245289,0.0314200734964747,0.912114586513191,0.0335608672658098
"1227",30.8097453117371,0.0229044727245289,0.0313682251903749,0.912166434819291,0.0335608672658098
"1228",30.8196015690733,0.0228666765649175,0.0313682251903749,0.912204230978902,0.0335608672658098
"1229",30.820987927417,0.0228666765649175,0.0313163768842751,0.912204230978902,0.0336127155719096
"1230",30.8214407003081,0.022828880405306,0.0313163768842751,0.912204230978902,0.0336505117315211
"1231",30.8533451159795,0.022828880405306,0.0312645285781753,0.912204230978902,0.0337023600376209
"1232",30.85423812304,0.0227910842456946,0.0312645285781753,0.912204230978902,0.0337401561972323
"1233",30.8867163699534,0.0227910842456946,0.0312126802720755,0.912256079285002,0.0337401561972323
"1234",30.888461926232,0.0227532880860832,0.0312126802720755,0.912293875444613,0.0337401561972323
"1235",30.9871084110604,0.0227532880860832,0.0311608319659758,0.912345723750713,0.0337401561972323
"1236",30.9930473862731,0.0227154919264717,0.0311608319659758,0.912383519910325,0.0337401561972323
"1237",30.9932497694261,0.0227154919264717,0.031108983659876,0.912435368216425,0.0337401561972323
"1238",30.9945450632109,0.0227154919264717,0.0310571353537762,0.912487216522524,0.0337401561972323
"1239",30.9945950897338,0.0226776957668603,0.0310571353537762,0.912525012682136,0.0337401561972323
"1240",30.9956778604361,0.0226398996072489,0.0310571353537762,0.912562808841747,0.0337401561972323
"1241",31.0239757982393,0.0226398996072489,0.0310052870476764,0.912614657147847,0.0337401561972323
"1242",31.0245299327847,0.0226021034476374,0.0310052870476764,0.912652453307459,0.0337401561972323
"1243",31.0430022217333,0.0226021034476374,0.0309534387415766,0.912704301613558,0.0337401561972323
"1244",31.0478553026449,0.022564307288026,0.0309534387415766,0.91274209777317,0.0337401561972323
"1245",31.102579464929,0.022564307288026,0.0309015904354768,0.91279394607927,0.0337401561972323
"1246",31.1124265162277,0.0225265111284145,0.0309015904354768,0.912831742238881,0.0337401561972323
"1247",31.1869903831846,0.0225265111284145,0.030849742129377,0.912883590544981,0.0337401561972323
"1248",31.1875395053333,0.0224887149688031,0.030849742129377,0.912921386704592,0.0337401561972323
"1249",31.2247588113809,0.0224887149688031,0.0307978938232772,0.912973235010692,0.0337401561972323
"1250",31.2261008245099,0.0224509188091917,0.0307978938232772,0.913011031170304,0.0337401561972323
"1251",31.293295140719,0.0224509188091917,0.0307460455171774,0.913011031170304,0.0337920045033321
"1252",31.2990475720874,0.0224131226495803,0.0307460455171774,0.913011031170304,0.0338298006629435
"1253",31.3157733997537,0.0224131226495803,0.0306941972110776,0.913062879476403,0.0338298006629435
"1254",31.3204212374985,0.0224131226495803,0.0306423489049778,0.913114727782503,0.0338298006629435
"1255",31.3227762870654,0.0223753264899688,0.0306423489049778,0.913152523942115,0.0338298006629435
"1256",31.3235117793407,0.0223375303303574,0.0306423489049778,0.913190320101726,0.0338298006629435
"1257",31.3289695369701,0.0223375303303574,0.030590500598878,0.913242168407826,0.0338298006629435
"1258",31.3290637737062,0.022299734170746,0.030590500598878,0.913279964567437,0.0338298006629435
"1259",31.3324818331062,0.022299734170746,0.0305386522927782,0.913331812873537,0.0338298006629435
"1260",31.3403101868847,0.0222619380111345,0.0305386522927782,0.913369609033149,0.0338298006629435
"1261",31.341738683482,0.0222619380111345,0.0304868039866784,0.913369609033149,0.0338816489690433
"1262",31.3427756230448,0.0222241418515231,0.0304868039866784,0.913369609033149,0.0339194451286547
"1263",31.4150696881115,0.0222241418515231,0.0304349556805787,0.913421457339248,0.0339194451286547
"1264",31.4207439636067,0.0221863456919116,0.0304349556805787,0.91345925349886,0.0339194451286547
"1265",31.4209051377384,0.0221863456919116,0.0303831073744789,0.91345925349886,0.0339712934347545
"1266",31.4241327734838,0.0221485495323002,0.0303831073744789,0.91345925349886,0.034009089594366
"1267",31.4373956736591,0.0221485495323002,0.0303312590683791,0.91351110180496,0.034009089594366
"1268",31.4397842221972,0.0221485495323002,0.0302794107622793,0.91351110180496,0.0340609379004658
"1269",31.4419891118276,0.0221107533726888,0.0302794107622793,0.913548897964571,0.0340609379004658
"1270",31.4457880621715,0.0220729572130774,0.0302794107622793,0.913548897964571,0.0340987340600772
"1271",31.5172831643475,0.0220729572130774,0.0302275624561795,0.913600746270671,0.0340987340600772
"1272",31.5193931245626,0.0220351610534659,0.0302275624561795,0.913638542430283,0.0340987340600772
"1273",31.5279376643399,0.0220351610534659,0.0301757141500797,0.913690390736382,0.0340987340600772
"1274",31.5321368121418,0.0219973648938545,0.0301757141500797,0.913728186895994,0.0340987340600772
"1275",31.5500686569897,0.0219973648938545,0.0301238658439799,0.913728186895994,0.034150582366177
"1276",31.5563217621263,0.0219595687342431,0.0301238658439799,0.913728186895994,0.0341883785257884
"1277",31.5780276382963,0.0219595687342431,0.0300720175378801,0.913728186895994,0.0342402268318882
"1278",31.5780450126363,0.0219595687342431,0.0300201692317803,0.913780035202094,0.0342402268318882
"1279",31.5799015110566,0.0219595687342431,0.0299683209256805,0.913831883508193,0.0342402268318882
"1280",31.5813900975293,0.0219217074088392,0.0299683209256805,0.913831883508193,0.0342780881572921
"1281",31.5814728606466,0.0218839764150202,0.0299683209256805,0.913869614502012,0.0342780881572921
"1282",31.5822538620091,0.0218462454212012,0.0299683209256805,0.913907345495831,0.0342780881572921
"1283",31.6353254280984,0.0218462454212012,0.0299164726195807,0.913959193801931,0.0342780881572921
"1284",31.6448776008724,0.0218084491488462,0.0299164726195807,0.913996990074286,0.0342780881572921
"1285",31.6584479742194,0.0218084491488462,0.0298646243134809,0.913996990074286,0.0343299364633919
"1286",31.664749740411,0.0217706528764911,0.0298646243134809,0.913996990074286,0.0343677327357469
"1287",31.666106549816,0.0217706528764911,0.0298127760073811,0.914048838380386,0.0343677327357469
"1288",31.6719565536946,0.0217328566041361,0.0298127760073811,0.914086634652741,0.0343677327357469
"1289",31.6822041707734,0.0217328566041361,0.0297609277012813,0.914138482958841,0.0343677327357469
"1290",31.6826662694259,0.0216950603317811,0.0297609277012813,0.914176279231196,0.0343677327357469
"1291",31.7639945599861,0.0216950603317811,0.0297090793951816,0.914228127537296,0.0343677327357469
"1292",31.7660643376858,0.0216572640594261,0.0297090793951816,0.914265923809651,0.0343677327357469
"1293",31.8154152122637,0.0216572640594261,0.0296572310890818,0.914265923809651,0.0344195810418467
"1294",31.8229177925394,0.0216194677870711,0.0296572310890818,0.914265923809651,0.0344573773142017
"1295",31.8639224632211,0.0216194677870711,0.029605382782982,0.914265923809651,0.0345092256203015
"1296",31.8719858228751,0.0215816715147161,0.029605382782982,0.914265923809651,0.0345470218926565
"1297",31.8837063647807,0.0215816715147161,0.0295535344768822,0.914265923809651,0.0345988701987563
"1298",31.8904655749444,0.021543875242361,0.0295535344768822,0.914265923809651,0.0346366664711113
"1299",31.9056719494216,0.021543875242361,0.0295016861707824,0.91431777211575,0.0346366664711113
"1300",31.9116281440738,0.021506078970006,0.0295016861707824,0.914355568388105,0.0346366664711113
"1301",31.9409192697042,0.021506078970006,0.0294498378646826,0.914407416694205,0.0346366664711113
"1302",31.9425275908354,0.021468282697651,0.0294498378646826,0.91444521296656,0.0346366664711113
"1303",32.0508195348084,0.021468282697651,0.0293979895585828,0.91449706127266,0.0346366664711113
"1304",32.056222668644,0.021430486425296,0.0293979895585828,0.914534857545015,0.0346366664711113
"1305",32.0804490761624,0.021430486425296,0.029346141252483,0.914586705851115,0.0346366664711113
"1306",32.0814142057025,0.021430486425296,0.0292942929463832,0.914638554157215,0.0346366664711113
"1307",32.0844798349685,0.0213926901529409,0.0292942929463832,0.91467635042957,0.0346366664711113
"1308",32.0846414102828,0.0213548938805859,0.0292942929463832,0.914714146701925,0.0346366664711113
"1309",32.1393733897971,0.0213548938805859,0.0292424446402834,0.914765995008025,0.0346366664711113
"1310",32.1427535629935,0.0213548938805859,0.0291905963341836,0.914817843314124,0.0346366664711113
"1311",32.1432026442733,0.0213170976082309,0.0291905963341836,0.914855639586479,0.0346366664711113
"1312",32.1434534093996,0.0212793013358759,0.0291905963341836,0.914893435858834,0.0346366664711113
"1313",32.1547908244861,0.0212793013358759,0.0291387480280838,0.914945284164934,0.0346366664711113
"1314",32.1558631489074,0.0212415050635209,0.0291387480280838,0.914983080437289,0.0346366664711113
"1315",32.198921889827,0.0212415050635209,0.029086899721984,0.914983080437289,0.0346885147772111
"1316",32.1991913636275,0.0212037087911658,0.029086899721984,0.914983080437289,0.0347263110495662
"1317",32.2076902157731,0.0212037087911658,0.0290350514158842,0.915034928743389,0.0347263110495662
"1318",32.2134961966645,0.0211659125188108,0.0290350514158842,0.915072725015744,0.0347263110495662
"1319",32.2483793886171,0.0211659125188108,0.0289832031097844,0.915124573321844,0.0347263110495662
"1320",32.2484111033126,0.0211281162464558,0.0289832031097844,0.915162369594199,0.0347263110495662
"1321",32.3009516994158,0.0211281162464558,0.0289313548036847,0.915214217900299,0.0347263110495662
"1322",32.3031966735811,0.0210903199741008,0.0289313548036847,0.915252014172654,0.0347263110495662
"1323",32.3389086686708,0.0210903199741008,0.0288795064975849,0.915252014172654,0.034778159355666
"1324",32.3450376540422,0.0210903199741008,0.0288276581914851,0.915303862478754,0.034778159355666
"1325",32.3488651577062,0.0210525237017458,0.0288276581914851,0.915303862478754,0.034815955628021
"1326",32.3529501297092,0.0210147274293908,0.0288276581914851,0.915341658751109,0.034815955628021
"1327",32.429587877459,0.0210147274293908,0.0287758098853853,0.915393507057208,0.034815955628021
"1328",32.433436438277,0.0209769311570357,0.0287758098853853,0.915431303329563,0.034815955628021
"1329",32.5090710467641,0.0209769311570357,0.0287239615792855,0.915483151635663,0.034815955628021
"1330",32.510132685835,0.0209391348846807,0.0287239615792855,0.915520947908018,0.034815955628021
"1331",32.5107980767747,0.0209391348846807,0.0286721132731857,0.915572796214118,0.034815955628021
"1332",32.5148851002211,0.0209013386123257,0.0286721132731857,0.915610592486473,0.034815955628021
"1333",32.525106659366,0.0209013386123257,0.0286202649670859,0.915662440792573,0.034815955628021
"1334",32.5295660505162,0.0208635423399707,0.0286202649670859,0.915700237064928,0.034815955628021
"1335",32.5787280326088,0.0208635423399707,0.0285684166609861,0.915752085371028,0.034815955628021
"1336",32.5794648739424,0.0208257460676157,0.0285684166609861,0.915789881643383,0.034815955628021
"1337",32.6138751738601,0.0208257460676157,0.0285165683548863,0.915841729949483,0.034815955628021
"1338",32.6229062866828,0.0207879497952606,0.0285165683548863,0.915879526221838,0.034815955628021
"1339",32.6437500000029,0.0207501535229056,0.0285165683548863,0.915917322494193,0.034815955628021
"1340",32.6482687406242,0.0207501535229056,0.0284647200487865,0.915917322494193,0.0348678039341208
"1341",32.6560136553249,0.0207123572505506,0.0284647200487865,0.915917322494193,0.0349056002064758
"1342",32.6683449198802,0.0207123572505506,0.0284128717426867,0.915969170800292,0.0349056002064758
"1343",32.676283410026,0.0207123572505506,0.0283610234365869,0.916021019106392,0.0349056002064758
"1344",32.6765335727095,0.0206745609781956,0.0283610234365869,0.916058815378747,0.0349056002064758
"1345",32.6772074340258,0.0206367647058406,0.0283610234365869,0.916096611651102,0.0349056002064758
"1346",32.7190947979689,0.0206367647058406,0.0283091751304871,0.916148459957202,0.0349056002064758
"1347",32.7227468142658,0.0205989684334855,0.0283091751304871,0.916186256229557,0.0349056002064758
"1348",32.7508438938665,0.0205989684334855,0.0282573268243873,0.916238104535657,0.0349056002064758
"1349",32.7580762532093,0.0205611721611305,0.0282573268243873,0.916275900808012,0.0349056002064758
"1350",32.8055274312695,0.0205611721611305,0.0282054785182875,0.916327749114112,0.0349056002064758
"1351",32.8099389057358,0.0205233758887755,0.0282054785182875,0.916365545386467,0.0349056002064758
"1352",32.8179865301483,0.0205233758887755,0.0281536302121878,0.916417393692566,0.0349056002064758
"1353",32.8228546238703,0.0204855796164205,0.0281536302121878,0.916455189964922,0.0349056002064758
"1354",32.8369047753513,0.0204855796164205,0.028101781906088,0.916507038271021,0.0349056002064758
"1355",32.8423274994595,0.0204477833440655,0.028101781906088,0.916544834543376,0.0349056002064758
"1356",32.8677911261717,0.0204477833440655,0.0280499335999882,0.916596682849476,0.0349056002064758
"1357",32.8760259618486,0.0204099870717104,0.0280499335999882,0.916634479121831,0.0349056002064758
"1358",32.935456936972,0.0204099870717104,0.0279980852938884,0.916686327427931,0.0349056002064758
"1359",32.9377895215668,0.0203721907993554,0.0279980852938884,0.916724123700286,0.0349056002064758
"1360",32.9750686957209,0.0203721907993554,0.0279462369877886,0.916724123700286,0.0349574485125756
"1361",32.9779110192495,0.0203343945270004,0.0279462369877886,0.916724123700286,0.0349952447849306
"1362",33.062037313564,0.0203343945270004,0.0278943886816888,0.916775972006386,0.0349952447849306
"1363",33.0662677656391,0.0202965982546454,0.0278943886816888,0.916813768278741,0.0349952447849306
"1364",33.0943985275096,0.0202965982546454,0.027842540375589,0.916865616584841,0.0349952447849306
"1365",33.0981353548878,0.0202588019822904,0.027842540375589,0.916903412857196,0.0349952447849306
"1366",33.2243925059588,0.0202588019822904,0.0277906920694892,0.916955261163296,0.0349952447849306
"1367",33.2292815724181,0.0202588019822904,0.0277388437633894,0.917007109469395,0.0349952447849306
"1368",33.2310938972144,0.0202210057099353,0.0277388437633894,0.91704490574175,0.0349952447849306
"1369",33.2320854303242,0.0201832094375803,0.0277388437633894,0.917082702014105,0.0349952447849306
"1370",33.3318411426412,0.0201832094375803,0.0276869954572896,0.917134550320205,0.0349952447849306
"1371",33.3327494615482,0.0201832094375803,0.0276351471511898,0.917186398626305,0.0349952447849306
"1372",33.3363615935368,0.0201454131652253,0.0276351471511898,0.91722419489866,0.0349952447849306
"1373",33.340058974149,0.0201076168928703,0.0276351471511898,0.917261991171015,0.0349952447849306
"1374",33.3529213186767,0.0201076168928703,0.02758329884509,0.917313839477115,0.0349952447849306
"1375",33.3533769681626,0.0200698206205153,0.02758329884509,0.91735163574947,0.0349952447849306
"1376",33.3578855060041,0.0200698206205153,0.0275314505389902,0.91735163574947,0.0350470930910304
"1377",33.3595766620408,0.0200320243481602,0.0275314505389902,0.91735163574947,0.0350848893633854
"1378",33.4093928804828,0.0200320243481602,0.0274796022328904,0.91740348405557,0.0350848893633854
"1379",33.4121811026728,0.0199942280758052,0.0274796022328904,0.917441280327925,0.0350848893633854
"1380",33.4164841154776,0.0199942280758052,0.0274277539267906,0.917441280327925,0.0351367376694852
"1381",33.4173046830628,0.0199942280758052,0.0273759056206909,0.917493128634025,0.0351367376694852
"1382",33.4192635207628,0.019956360219601,0.0273759056206909,0.917530996490229,0.0351367376694852
"1383",33.4211786831589,0.0199186355310952,0.0273759056206909,0.917530996490229,0.0351744623579911
"1384",33.461217852987,0.0199186355310952,0.0273240573145911,0.917582844796328,0.0351744623579911
"1385",33.4699668264972,0.0198808392587402,0.0273240573145911,0.917620641068683,0.0351744623579911
"1386",33.4815984542171,0.0198808392587402,0.0272722090084913,0.917620641068683,0.0352263106640908
"1387",33.4886755227215,0.0198808392587402,0.0272203607023915,0.917672489374783,0.0352263106640908
"1388",33.4902042635592,0.0198430429863851,0.0272203607023915,0.917672489374783,0.0352641069364459
"1389",33.4935970944479,0.0198052467140301,0.0272203607023915,0.917710285647138,0.0352641069364459
"1390",33.5323077162935,0.0198052467140301,0.0271685123962917,0.917762133953238,0.0352641069364459
"1391",33.5346960142182,0.0197674504416751,0.0271685123962917,0.917799930225593,0.0352641069364459
"1392",33.5945015723507,0.0197674504416751,0.0271166640901919,0.917799930225593,0.0353159552425457
"1393",33.5954550404955,0.0197295817626681,0.0271166640901919,0.917799930225593,0.0353538239215527
"1394",33.6104847441117,0.0197295817626681,0.0270648157840921,0.917799930225593,0.0354056722276525
"1395",33.6158266377209,0.019691713083661,0.0270648157840921,0.917799930225593,0.0354435409066595
"1396",33.6260317050748,0.019691713083661,0.0270129674779923,0.917851778531693,0.0354435409066595
"1397",33.6341495450555,0.019691713083661,0.0269611191718925,0.917851778531693,0.0354953892127593
"1398",33.6353056058976,0.019653844404654,0.0269611191718925,0.9178896472107,0.0354953892127593
"1399",33.6373733884298,0.0196159757256469,0.0269611191718925,0.9178896472107,0.0355332578917664
"1400",33.640359491745,0.0196159757256469,0.0269092708657927,0.9178896472107,0.0355851061978662
"1401",33.6412207484245,0.0196159757256469,0.0268574225596929,0.9179414955168,0.0355851061978662
"1402",33.6431705150106,0.0196159757256469,0.0268055742535931,0.9179933438229,0.0355851061978662
"1403",33.6443289785255,0.0195781070466399,0.0268055742535931,0.918031212501907,0.0355851061978662
"1404",33.644984572506,0.0195402383676329,0.0268055742535931,0.918031212501907,0.0356229748768732
"1405",33.6478326001018,0.0195023696886258,0.0268055742535931,0.918069081180914,0.0356229748768732
"1406",33.6563706141379,0.0195023696886258,0.02675362546628,0.918121029968227,0.0356229748768732
"1407",33.6642641901965,0.0194645010096188,0.02675362546628,0.918158898647234,0.0356229748768732
"1408",33.7544934645103,0.0194645010096188,0.0267016766789668,0.918210847434547,0.0356229748768732
"1409",33.754692118201,0.0194645010096188,0.0266497278916536,0.91826279622186,0.0356229748768732
"1410",33.7603103339945,0.0194266323306117,0.0266497278916536,0.918300664900868,0.0356229748768732
"1411",33.7622152742399,0.0193887636516047,0.0266497278916536,0.918338533579875,0.0356229748768732
"1412",33.8038963112566,0.0193887636516047,0.0265977791043405,0.918390482367188,0.0356229748768732
"1413",33.811250387773,0.0193508949725976,0.0265977791043405,0.918428351046195,0.0356229748768732
"1414",33.8173611110979,0.0194028437599108,0.0265458303170273,0.918428351046195,0.0356229748768732
"1415",33.8399555637407,0.0194028437599108,0.0264938815297141,0.918428351046195,0.0356749236641864
"1416",33.8421697750919,0.0193649475806922,0.0264938815297141,0.918428351046195,0.0357128198434049
"1417",33.851187527756,0.0193649475806922,0.026441932742401,0.918428351046195,0.0357647686307181
"1418",33.8542855028354,0.0193270514014737,0.026441932742401,0.918428351046195,0.0358026648099367
"1419",33.9088374705086,0.0193270514014737,0.0263899839550878,0.918480299833508,0.0358026648099367
"1420",33.9167015271526,0.0192891552222551,0.0263899839550878,0.918518196012727,0.0358026648099367
"1421",33.9173489810277,0.0192891552222551,0.0263380351677746,0.91857014480004,0.0358026648099367
"1422",33.9209678779549,0.0192512590430365,0.0263380351677746,0.918608040979259,0.0358026648099367
"1423",33.9857686675257,0.0192512590430365,0.0262860863804615,0.918659989766572,0.0358026648099367
"1424",33.9914102634751,0.0192133628638179,0.0262860863804615,0.91869788594579,0.0358026648099367
"1425",33.9965255260468,0.0192133628638179,0.0262341375931483,0.91869788594579,0.0358546135972498
"1426",34.0032613530685,0.0191754666845994,0.0262341375931483,0.91869788594579,0.0358925097764684
"1427",34.0279139528672,0.0191754666845994,0.0261821888058351,0.918749834733104,0.0358925097764684
"1428",34.0356831162299,0.0191375705053808,0.0261821888058351,0.918787730912322,0.0358925097764684
"1429",34.0459213232001,0.0191375705053808,0.026130240018522,0.918839679699635,0.0358925097764684
"1430",34.0479639862416,0.0190996743261622,0.026130240018522,0.918877575878854,0.0358925097764684
"1431",34.0741224123372,0.0190996743261622,0.0260782912312088,0.918929524666167,0.0358925097764684
"1432",34.0812251734545,0.0190617781469436,0.0260782912312088,0.918967420845386,0.0358925097764684
"1433",34.1291668775181,0.0190617781469436,0.0260263424438957,0.919019369632699,0.0358925097764684
"1434",34.1331229265003,0.0190238819677251,0.0260263424438957,0.919057265811918,0.0358925097764684
"1435",34.1500949657964,0.0190238819677251,0.0259743936565825,0.919109214599231,0.0358925097764684
"1436",34.1501675880583,0.0189859857885065,0.0259743936565825,0.919147110778449,0.0358925097764684
"1437",34.1958454449972,0.0189859857885065,0.0259224448692693,0.919147110778449,0.0359444585637816
"1438",34.2032283605224,0.0189480896092879,0.0259224448692693,0.919147110778449,0.0359823547430002
"1439",34.2517304908898,0.0189480896092879,0.0258704960819562,0.919199059565763,0.0359823547430002
"1440",34.2584638289279,0.0189480896092879,0.025818547294643,0.919251008353076,0.0359823547430002
"1441",34.2596106462338,0.0189101934300693,0.025818547294643,0.919288904532294,0.0359823547430002
"1442",34.259844576733,0.0189101934300693,0.0257665985073298,0.919340853319608,0.0359823547430002
"1443",34.2611882395983,0.0188722972508507,0.0257665985073298,0.919378749498826,0.0359823547430002
"1444",34.2692883730962,0.0188344010716322,0.0257665985073298,0.919416645678045,0.0359823547430002
"1445",34.3198186324477,0.0188344010716322,0.0257146497200167,0.919468594465358,0.0359823547430002
"1446",34.3224907299956,0.0187965048924136,0.0257146497200167,0.919506490644577,0.0359823547430002
"1447",34.3338887778421,0.0187965048924136,0.0256627009327035,0.91955843943189,0.0359823547430002
"1448",34.3382288962603,0.0187965048924136,0.0256107521453903,0.91955843943189,0.0360343035303133
"1449",34.3382351119545,0.018758608713195,0.0256107521453903,0.919596335611108,0.0360343035303133
"1450",34.3424137142091,0.0187207125339765,0.0256107521453903,0.919596335611108,0.0360721997095319
"1451",34.3894438251025,0.0187207125339765,0.0255588033580772,0.919648284398422,0.0360721997095319
"1452",34.3938459054903,0.0186828163547579,0.0255588033580772,0.91968618057764,0.0360721997095319
"1453",34.4541028402746,0.0186828163547579,0.025506854570764,0.919738129364953,0.0360721997095319
"1454",34.4564344255608,0.0186828163547579,0.0254549057834508,0.919790078152267,0.0360721997095319
"1455",34.4594090073695,0.0186449201755393,0.0254549057834508,0.919827974331485,0.0360721997095319
"1456",34.4659113345091,0.0186070239963207,0.0254549057834508,0.919865870510704,0.0360721997095319
"1457",34.4763540820115,0.0186070239963207,0.0254029569961377,0.919917819298017,0.0360721997095319
"1458",34.4768280765986,0.0185691278171022,0.0254029569961377,0.919955715477236,0.0360721997095319
"1459",34.5064231248366,0.0185691278171022,0.0253510082088245,0.920007664264549,0.0360721997095319
"1460",34.51437168601,0.0185312316378836,0.0253510082088245,0.920045560443767,0.0360721997095319
"1461",34.5295119980971,0.0185312316378836,0.0252990594215113,0.920097509231081,0.0360721997095319
"1462",34.5300823355924,0.018493335458665,0.0252990594215113,0.920135405410299,0.0360721997095319
"1463",34.5501140941971,0.018493335458665,0.0252471106341982,0.920135405410299,0.0361241484968451
"1464",34.5592273136357,0.0184554392794464,0.0252471106341982,0.920135405410299,0.0361620446760636
"1465",34.6593767975767,0.0184554392794464,0.025195161846885,0.920187354197612,0.0361620446760636
"1466",34.6602393653461,0.0184174651245504,0.025195161846885,0.920225328352508,0.0361620446760636
"1467",34.6725047205885,0.0184174651245504,0.0251432130595718,0.920277277139822,0.0361620446760636
"1468",34.6778770318914,0.0183794909696545,0.0251432130595718,0.920315251294717,0.0361620446760636
"1469",34.6784722222001,0.0183415951119851,0.0251432130595718,0.920315251294717,0.036199940533733
"1470",34.7328786481586,0.0183415951119851,0.0250912642722587,0.920367200082031,0.036199940533733
"1471",34.7381285415235,0.018303620794983,0.0250912642722587,0.920405174399033,0.036199940533733
"1472",34.7647248651757,0.018303620794983,0.0250393154849455,0.920405174399033,0.0362518893210462
"1473",34.7703996876249,0.018265646477981,0.0250393154849455,0.920405174399033,0.0362898636380482
"1474",34.778451335099,0.018265646477981,0.0249873666976324,0.920457123186346,0.0362898636380482
"1475",34.7862527213334,0.0182276721609789,0.0249873666976324,0.920495097503348,0.0362898636380482
"1476",34.7890989908742,0.0182276721609789,0.0249354179103192,0.920547046290661,0.0362898636380482
"1477",34.790700907179,0.0181896978439769,0.0249354179103192,0.920585020607663,0.0362898636380482
"1478",34.8279218450189,0.0181896978439769,0.024883469123006,0.920585020607663,0.0363418124253614
"1479",34.8313119970053,0.0181517235269749,0.024883469123006,0.920585020607663,0.0363797867423634
"1480",34.8919430180556,0.0181517235269749,0.0248315203356929,0.920636969394977,0.0363797867423634
"1481",34.8975397372163,0.0181137492099728,0.0248315203356929,0.920674943711979,0.0363797867423634
"1482",34.9565162687666,0.0181137492099728,0.0247795715483797,0.920726892499292,0.0363797867423634
"1483",34.9619412815488,0.0180757748929708,0.0247795715483797,0.920764866816294,0.0363797867423634
"1484",34.9802987289925,0.0180757748929708,0.0247276227610665,0.920764866816294,0.0364317355296766
"1485",34.9828490406492,0.0180378005759688,0.0247276227610665,0.920764866816294,0.0364697098466786
"1486",34.9854639164276,0.0180378005759688,0.0246756739737534,0.920816815603607,0.0364697098466786
"1487",34.9928401411428,0.0179998262589667,0.0246756739737534,0.920854789920609,0.0364697098466786
"1488",35.0059208473295,0.0179998262589667,0.0246237251864402,0.920906738707922,0.0364697098466786
"1489",35.0064551979477,0.0179618519419647,0.0246237251864402,0.920944713024924,0.0364697098466786
"1490",35.0110090184543,0.0179618519419647,0.024571776399127,0.920996661812238,0.0364697098466786
"1491",35.015513142441,0.0179238776249626,0.024571776399127,0.92103463612924,0.0364697098466786
"1492",35.0331507772603,0.0179238776249626,0.0245198276118139,0.92103463612924,0.0365216586339918
"1493",35.033478506694,0.0178859033079606,0.0245198276118139,0.92103463612924,0.0365596329509938
"1494",35.0482494106723,0.0178859033079606,0.0244678788245007,0.921086584916553,0.0365596329509938
"1495",35.0484012679921,0.0178859033079606,0.0244159300371875,0.921138533703866,0.0365596329509938
"1496",35.0521441912747,0.0178479289909586,0.0244159300371875,0.921176508020868,0.0365596329509938
"1497",35.0559991363666,0.0178099546739565,0.0244159300371875,0.92121448233787,0.0365596329509938
"1498",35.0758001779517,0.0178099546739565,0.0243639812498744,0.92121448233787,0.036611581738307
"1499",35.0783802096228,0.0177719803569545,0.0243639812498744,0.92121448233787,0.036649556055309
"1500",35.0840664729476,0.0177719803569545,0.0243120324625612,0.921266431125183,0.036649556055309
"1501",35.0902761908714,0.0177340060399524,0.0243120324625612,0.921304405442185,0.036649556055309
"1502",35.1780491209171,0.0177340060399524,0.024260083675248,0.921304405442185,0.0367015048426222
"1503",35.1815773921926,0.0176960317229504,0.024260083675248,0.921304405442185,0.0367394791596242
"1504",35.3322456955082,0.0176960317229504,0.0242081348879349,0.921356354229499,0.0367394791596242
"1505",35.3327342337869,0.0176580574059484,0.0242081348879349,0.921394328546501,0.0367394791596242
"1506",35.3336678639637,0.0176580574059484,0.0241561861006217,0.921446277333814,0.0367394791596242
"1507",35.340727988428,0.0176200830889463,0.0241561861006217,0.921484251650816,0.0367394791596242
"1508",35.3720325099097,0.0176200830889463,0.0241042373133085,0.921536200438129,0.0367394791596242
"1509",35.3778918431037,0.0176200830889463,0.0240522885259954,0.921588149225442,0.0367394791596242
"1510",35.378094297969,0.0175821087719443,0.0240522885259954,0.921626123542444,0.0367394791596242
"1511",35.3783932050897,0.0175821087719443,0.0240003397386822,0.921678072329758,0.0367394791596242
"1512",35.3802137727567,0.0175441344549422,0.0240003397386822,0.92171604664676,0.0367394791596242
"1513",35.3817559300655,0.0175061601379402,0.0240003397386822,0.921754020963762,0.0367394791596242
"1514",35.4087904666861,0.0175061601379402,0.0239483909513691,0.921754020963762,0.0367914279469374
"1515",35.410788897708,0.0175061601379402,0.0238964421640559,0.921754020963762,0.0368433767342506
"1516",35.4114908963566,0.0174681858209382,0.0238964421640559,0.921754020963762,0.0368813510512526
"1517",35.415104961024,0.0174302115039361,0.0238964421640559,0.921754020963762,0.0369193253682547
"1518",35.4607051382726,0.0174302115039361,0.0238444933767427,0.921754020963762,0.0369712741555678
"1519",35.4642945440021,0.0173922371869341,0.0238444933767427,0.921754020963762,0.0370092484725699
"1520",35.4772098209295,0.0173922371869341,0.0237925445894296,0.921805969751075,0.0370092484725699
"1521",35.4863289008737,0.017354262869932,0.0237925445894296,0.921843944068077,0.0370092484725699
"1522",35.5512003364662,0.017354262869932,0.0237405958021164,0.921843944068077,0.037061197259883
"1523",35.5606198259715,0.01731628855293,0.0237405958021164,0.921843944068077,0.0370991715768851
"1524",35.5819597169757,0.01731628855293,0.0236886470148032,0.92189589285539,0.0370991715768851
"1525",35.5827120942646,0.017278314235928,0.0236886470148032,0.921933867172392,0.0370991715768851
"1526",35.5921629663143,0.017278314235928,0.0236366982274901,0.921985815959705,0.0370991715768851
"1527",35.5948823410092,0.0172403399189259,0.0236366982274901,0.922023790276708,0.0370991715768851
"1528",35.6219281825738,0.0172403399189259,0.0235847494401769,0.922023790276708,0.0371511203641982
"1529",35.627214818335,0.0172023656019239,0.0235847494401769,0.922023790276708,0.0371890946812003
"1530",35.6296749425431,0.0172023656019239,0.0235328006528637,0.922023790276708,0.0372410434685134
"1531",35.6390973752326,0.0171643912849218,0.0235328006528637,0.922023790276708,0.0372790177855155
"1532",35.6954593886104,0.0171643912849218,0.0234808518655506,0.922075739064021,0.0372790177855155
"1533",35.6973392091873,0.0171264169679198,0.0234808518655506,0.922113713381023,0.0372790177855155
"1534",35.8015578293966,0.0171264169679198,0.0234289030782374,0.922165662168336,0.0372790177855155
"1535",35.8035740776828,0.0170884426509178,0.0234289030782374,0.922203636485338,0.0372790177855155
"1536",35.8388888889021,0.0170504683339157,0.0234289030782374,0.92224161080234,0.0372790177855155
"1537",35.8574159704149,0.0170504683339157,0.0233769542909242,0.92224161080234,0.0373309665728286
"1538",35.8673402671958,0.0170124940169137,0.0233769542909242,0.92224161080234,0.0373689408898307
"1539",35.9202010403905,0.0170124940169137,0.0233250055036111,0.922293559589653,0.0373689408898307
"1540",35.9265970263123,0.0169745196999116,0.0233250055036111,0.922331533906655,0.0373689408898307
"1541",36.0222453305291,0.0169745196999116,0.0232730567162979,0.922383482693969,0.0373689408898307
"1542",36.0291569005864,0.0169365453829096,0.0232730567162979,0.922421457010971,0.0373689408898307
"1543",36.0900268840293,0.0169365453829096,0.0232211079289847,0.922473405798284,0.0373689408898307
"1544",36.0913415150639,0.0168985710659076,0.0232211079289847,0.922511380115286,0.0373689408898307
"1545",36.1405816587871,0.0168985710659076,0.0231691591416716,0.922511380115286,0.0374208896771438
"1546",36.1433466687445,0.0168605967489055,0.0231691591416716,0.922511380115286,0.0374588639941459
"1547",36.1455096606579,0.0168605967489055,0.0231172103543584,0.922563328902599,0.0374588639941459
"1548",36.1459032716131,0.0168226224319035,0.0231172103543584,0.922601303219601,0.0374588639941459
"1549",36.1955852301584,0.0168226224319035,0.0230652615670452,0.922653252006914,0.0374588639941459
"1550",36.1972282943901,0.0167846481149014,0.0230652615670452,0.922691226323916,0.0374588639941459
"1551",36.2232546065417,0.0167846481149014,0.0230133127797321,0.92274317511123,0.0374588639941459
"1552",36.2314300140524,0.0167466737978994,0.0230133127797321,0.922781149428232,0.0374588639941459
"1553",36.2334544099867,0.0167466737978994,0.0229613639924189,0.922833098215545,0.0374588639941459
"1554",36.2429849077342,0.0167086994808974,0.0229613639924189,0.922871072532547,0.0374588639941459
"1555",36.3457707744739,0.0167086994808974,0.0229094152051057,0.922871072532547,0.037510812781459
"1556",36.3480177214295,0.0166707251638953,0.0229094152051057,0.922871072532547,0.0375487870984611
"1557",36.3793752037485,0.0166707251638953,0.0228574664177926,0.922871072532547,0.0376007358857742
"1558",36.3838360486349,0.0166327508468933,0.0228574664177926,0.922871072532547,0.0376387102027763
"1559",36.4014254729781,0.0166327508468933,0.0228055176304794,0.92292302131986,0.0376387102027763
"1560",36.4034377442236,0.0165947765298913,0.0228055176304794,0.922960995636862,0.0376387102027763
"1561",36.427891963472,0.0165947765298913,0.0227535688431663,0.923012944424175,0.0376387102027763
"1562",36.4333344498936,0.0165568022128892,0.0227535688431663,0.923050918741177,0.0376387102027763
"1563",36.4409722222044,0.0165188278958872,0.0227535688431663,0.92308889305818,0.0376387102027763
"1564",36.4847535217802,0.0165188278958872,0.0227016200558531,0.92308889305818,0.0376906589900894
"1565",36.4876490455462,0.0164808535788851,0.0227016200558531,0.92308889305818,0.0377286333070915
"1566",36.5631760669251,0.0164808535788851,0.0226496712685399,0.923140841845493,0.0377286333070915
"1567",36.5650117121412,0.0164428792618831,0.0226496712685399,0.923178816162495,0.0377286333070915
"1568",36.6429419046073,0.0164428792618831,0.0225977224812268,0.923178816162495,0.0377805820944046
"1569",36.6506550747171,0.0164049049448811,0.0225977224812268,0.923178816162495,0.0378185564114067
"1570",36.6879019112223,0.0164049049448811,0.0225457736939136,0.923230764949808,0.0378185564114067
"1571",36.6881309962938,0.016366930627879,0.0225457736939136,0.92326873926681,0.0378185564114067
"1572",36.6929798544281,0.016366930627879,0.0224938249066004,0.923320688054123,0.0378185564114067
"1573",36.6937915480033,0.016328956310877,0.0224938249066004,0.923358662371125,0.0378185564114067
"1574",36.6977648759882,0.016328956310877,0.0224418761192873,0.923358662371125,0.0378705051987198
"1575",36.7034484272202,0.016328956310877,0.0223899273319741,0.923358662371125,0.037922453986033
"1576",36.7035079781308,0.0162909819938749,0.0223899273319741,0.923358662371125,0.0379604283030351
"1577",36.7074857416058,0.0162530076768729,0.0223899273319741,0.923358662371125,0.0379984026200371
"1578",36.7172875081499,0.0162530076768729,0.0223379785446609,0.923410611158438,0.0379984026200371
"1579",36.7231843662922,0.0162150333598708,0.0223379785446609,0.923448585475441,0.0379984026200371
"1580",36.7578985740741,0.0162150333598708,0.0222860297573478,0.923448585475441,0.0380503514073503
"1581",36.7644399396408,0.0161770590428688,0.0222860297573478,0.923448585475441,0.0380883257243523
"1582",36.7724446530143,0.0161770590428688,0.0222340809700346,0.923448585475441,0.0381402745116655
"1583",36.7774250904067,0.0161390847258668,0.0222340809700346,0.923448585475441,0.0381782488286675
"1584",36.7889199045797,0.0161390847258668,0.0221821321827214,0.923500534262754,0.0381782488286675
"1585",36.78900159787,0.0161011104088647,0.0221821321827214,0.923538508579756,0.0381782488286675
"1586",36.8408888011343,0.0161011104088647,0.0221301833954083,0.923590457367069,0.0381782488286675
"1587",36.8433055503118,0.0160631360918627,0.0221301833954083,0.923628431684071,0.0381782488286675
"1588",36.8803053423762,0.0160631360918627,0.0220782346080951,0.923680380471384,0.0381782488286675
"1589",36.8842512629926,0.0160631360918627,0.0220262858207819,0.923732329258698,0.0381782488286675
"1590",36.8901023001061,0.0160251617748607,0.0220262858207819,0.9237703035757,0.0381782488286675
"1591",36.8922693404299,0.0159871874578586,0.0220262858207819,0.923808277892702,0.0381782488286675
"1592",36.9190478060646,0.0159871874578586,0.0219743370334688,0.923808277892702,0.0382301976159807
"1593",36.9287473469618,0.0159492131408566,0.0219743370334688,0.923808277892702,0.0382681719329827
"1594",36.9294317079087,0.0159492131408566,0.0219223882461556,0.923860226680015,0.0382681719329827
"1595",36.932076230632,0.0159112388238545,0.0219223882461556,0.923898200997017,0.0382681719329827
"1596",36.9661963859629,0.0159112388238545,0.0218704394588424,0.923898200997017,0.0383201207202959
"1597",36.9703179900017,0.0159112388238545,0.0218184906715293,0.92395014978433,0.0383201207202959
"1598",36.9759345788075,0.0158731736592042,0.0218184906715293,0.92395014978433,0.0383581858849462
"1599",36.9800370195689,0.015835199559541,0.0218184906715293,0.923988123883993,0.0383581858849462
"1600",37.0190014081697,0.015835199559541,0.0217665418842161,0.924040072671307,0.0383581858849462
"1601",37.0209796343503,0.0157972254598778,0.0217665418842161,0.92407804677097,0.0383581858849462
"1602",37.0266867751876,0.0157972254598778,0.021714593096903,0.924129995558283,0.0383581858849462
"1603",37.0266893230161,0.0157592513602147,0.021714593096903,0.924167969657946,0.0383581858849462
"1604",37.0321810816725,0.0157592513602147,0.0216626443095898,0.924219918445259,0.0383581858849462
"1605",37.0363147842473,0.0157212772605515,0.0216626443095898,0.924257892544922,0.0383581858849462
"1606",37.0629233568907,0.0157212772605515,0.0216106955222766,0.924309841332236,0.0383581858849462
"1607",37.0704806691734,0.0156833031608883,0.0216106955222766,0.924347815431899,0.0383581858849462
"1608",37.0915059157544,0.0156833031608883,0.0215587467349635,0.924399764219212,0.0383581858849462
"1609",37.10047609446,0.0156453290612252,0.0215587467349635,0.924437738318875,0.0383581858849462
"1610",37.2123275937306,0.0156453290612252,0.0215067979476503,0.924489687106188,0.0383581858849462
"1611",37.2189032450484,0.015607354961562,0.0215067979476503,0.924527661205851,0.0383581858849462
"1612",37.23467740044,0.015607354961562,0.0214548491603371,0.924527661205851,0.0384101346722594
"1613",37.2421554554836,0.0155693808618988,0.0214548491603371,0.924527661205851,0.0384481087719226
"1614",37.2491692557103,0.0155693808618988,0.021402900373024,0.924579609993165,0.0384481087719226
"1615",37.2501969972706,0.0155314067622357,0.021402900373024,0.924617584092828,0.0384481087719226
"1616",37.2683720510039,0.0155314067622357,0.0213509515857108,0.924669532880141,0.0384481087719226
"1617",37.2772044783859,0.0154934326625725,0.0213509515857108,0.924707506979804,0.0384481087719226
"1618",37.3126477367348,0.0154934326625725,0.0212990027983976,0.924759455767117,0.0384481087719226
"1619",37.3165974751544,0.0154554585629093,0.0212990027983976,0.924797429866781,0.0384481087719226
"1620",37.3409539618426,0.0154554585629093,0.0212470540110845,0.924849378654094,0.0384481087719226
"1621",37.343193968594,0.0154174844632462,0.0212470540110845,0.924887352753757,0.0384481087719226
"1622",37.394226844526,0.0154174844632462,0.0211951052237713,0.92493930154107,0.0384481087719226
"1623",37.395859501272,0.0154174844632462,0.0211431564364581,0.92493930154107,0.0385000575592357
"1624",37.3983000779488,0.0153794166003739,0.0211431564364581,0.924977369403942,0.0385000575592357
"1625",37.4007595071229,0.0153414427322249,0.0211431564364581,0.924977369403942,0.0385380314273848
"1626",37.4064821581855,0.0153414427322249,0.021091207649145,0.924977369403942,0.0385899802146979
"1627",37.4117695730562,0.0153034688640758,0.021091207649145,0.924977369403942,0.038627954082847
"1628",37.4609101918607,0.0153034688640758,0.0210391305932212,0.925029446459866,0.038627954082847
"1629",37.4689728913235,0.0152654005335681,0.0210391305932212,0.925067514790374,0.038627954082847
"1630",37.5439826970299,0.0152654005335681,0.0209870535372973,0.925067514790374,0.0386800311387708
"1631",37.5499353337203,0.0152273322030605,0.0209870535372973,0.925067514790374,0.0387180994692785
"1632",37.5577109816174,0.0152273322030605,0.0209349764813735,0.925067514790374,0.0387701765252023
"1633",37.5592875201201,0.0151892638725528,0.0209349764813735,0.925067514790374,0.03880824485571
"1634",37.5711669672465,0.0151892638725528,0.0208828994254497,0.925119591846298,0.03880824485571
"1635",37.5776280957482,0.0151511955420452,0.0208828994254497,0.925157660176805,0.03880824485571
"1636",37.6838615020175,0.0151511955420452,0.0208308223695259,0.925157660176805,0.0388603219116338
"1637",37.6875755454596,0.0151131272115375,0.0208308223695259,0.925157660176805,0.0388983902421414
"1638",37.6887131630317,0.0151131272115375,0.0207787453136021,0.925209737232729,0.0388983902421414
"1639",37.6914582844043,0.0151131272115375,0.0207266682576783,0.925261814288653,0.0388983902421414
"1640",37.6916299872208,0.0150750588810299,0.0207266682576783,0.925299882619161,0.0388983902421414
"1641",37.6922493551962,0.0150369905505222,0.0207266682576783,0.925337950949668,0.0388983902421414
"1642",37.7031946194669,0.0150369905505222,0.0206745912017544,0.925337950949668,0.0389504672980653
"1643",37.7105371524471,0.0149989222200146,0.0206745912017544,0.925337950949668,0.0389885356285729
"1644",37.7190139405429,0.0149989222200146,0.0206225141458306,0.925337950949668,0.0390406126844967
"1645",37.7209840490357,0.0149989222200146,0.0205704370899068,0.925390028005592,0.0390406126844967
"1646",37.7251699901489,0.0149608538895069,0.0205704370899068,0.925390028005592,0.0390786810150044
"1647",37.7286944343653,0.0149227855589993,0.0205704370899068,0.9254280963361,0.0390786810150044
"1648",37.7341835743359,0.0149227855589993,0.020518360033983,0.9254280963361,0.0391307580709282
"1649",37.7351179231454,0.0148847172284916,0.020518360033983,0.9254280963361,0.0391688264014358
"1650",37.735583457187,0.0148847172284916,0.0204662829780592,0.925480173392023,0.0391688264014358
"1651",37.7424079792986,0.014846746011072,0.0204662829780592,0.925518144609443,0.0391688264014358
"1652",37.7977267457342,0.014846746011072,0.0204142059221354,0.925570221665367,0.0391688264014358
"1653",37.7986389761005,0.0148086774315564,0.0204142059221354,0.925608290244882,0.0391688264014358
"1654",37.8767060915427,0.0148086774315564,0.0203621288662116,0.925660367300806,0.0391688264014358
"1655",37.8794189885922,0.0148086774315564,0.0203100518102878,0.925660367300806,0.0392209034573596
"1656",37.8832040323153,0.0147706088520409,0.0203100518102878,0.925698435880322,0.0392209034573596
"1657",37.8875230821443,0.0147325402725253,0.0203100518102878,0.925698435880322,0.0392589720368752
"1658",37.912242234777,0.0147325402725253,0.0202579747543639,0.925750512936246,0.0392589720368752
"1659",37.912940155749,0.0146944716930097,0.0202579747543639,0.925788581515761,0.0392589720368752
"1660",37.9637815939883,0.0146944716930097,0.0202058976984401,0.925788581515761,0.039311049092799
"1661",37.9661718264005,0.0146564031134942,0.0202058976984401,0.925788581515761,0.0393491176723146
"1662",38.0133140197828,0.0146564031134942,0.0201538206425163,0.925788581515761,0.0394011947282384
"1663",38.0194665729476,0.0146183345339786,0.0201538206425163,0.925788581515761,0.039439263307754
"1664",38.0544396058324,0.0146183345339786,0.0201017435865925,0.925840658571685,0.039439263307754
"1665",38.061883720883,0.014580265954463,0.0201017435865925,0.925878727151201,0.039439263307754
"1666",38.113918918954,0.014580265954463,0.0200496665306687,0.925930804207124,0.039439263307754
"1667",38.1160525308417,0.0145421973749475,0.0200496665306687,0.92596887278664,0.039439263307754
"1668",38.1355916113463,0.0145421973749475,0.0199975894747449,0.926020949842564,0.039439263307754
"1669",38.1432023074558,0.0145041287954319,0.0199975894747449,0.926059018422079,0.039439263307754
"1670",38.2980133368986,0.0145041287954319,0.0199455124188211,0.926111095478003,0.039439263307754
"1671",38.3033737641414,0.0144660602159163,0.0199455124188211,0.926149164057519,0.039439263307754
"1672",38.400175996019,0.0144660602159163,0.0198934353628972,0.926201241113443,0.039439263307754
"1673",38.4045315834451,0.0144279916364007,0.0198934353628972,0.926239309692958,0.039439263307754
"1674",38.5437343840798,0.0144279916364007,0.0198413583069734,0.926239309692958,0.0394913403636778
"1675",38.5485419361231,0.0143899230568852,0.0198413583069734,0.926239309692958,0.0395294089431934
"1676",38.5874502508775,0.0143899230568852,0.0197892812510496,0.926291386748882,0.0395294089431934
"1677",38.594380597881,0.0143518544773696,0.0197892812510496,0.926329455328398,0.0395294089431934
"1678",38.6840674381692,0.0143518544773696,0.0197372041951258,0.926381532384322,0.0395294089431934
"1679",38.6900333530072,0.014313785897854,0.0197372041951258,0.926419600963837,0.0395294089431934
"1680",38.6943831713702,0.014313785897854,0.019685127139202,0.926471678019761,0.0395294089431934
"1681",38.7016520437919,0.0142757173183385,0.019685127139202,0.926509746599277,0.0395294089431934
"1682",38.7287734638257,0.0142757173183385,0.0196330500832782,0.9265618236552,0.0395294089431934
"1683",38.7341331711397,0.0142376487388229,0.0196330500832782,0.926599892234716,0.0395294089431934
"1684",38.7512519275747,0.0142376487388229,0.0195809730273543,0.92665196929064,0.0395294089431934
"1685",38.7602667730536,0.0141995801593073,0.0195809730273543,0.926690037870155,0.0395294089431934
"1686",38.7607183041443,0.0141995801593073,0.0195288959714305,0.926742114926079,0.0395294089431934
"1687",38.7672450459116,0.0141615115797918,0.0195288959714305,0.926780183505595,0.0395294089431934
"1688",38.7707249512874,0.0141615115797918,0.0194768189155067,0.926832260561519,0.0395294089431934
"1689",38.7724745109658,0.0141615115797918,0.0194247418595829,0.926884337617442,0.0395294089431934
"1690",38.7735299750212,0.0141234430002762,0.0194247418595829,0.926922406196958,0.0395294089431934
"1691",38.77462378843,0.0140853744207606,0.0194247418595829,0.926960474776474,0.0395294089431934
"1692",38.8081282327573,0.0140853744207606,0.0193726648036591,0.926960474776474,0.0395814859991172
"1693",38.808687843058,0.0140473058412451,0.0193726648036591,0.926960474776474,0.0396195545786328
"1694",38.9150351224186,0.0140473058412451,0.0193205877477353,0.926960474776474,0.0396716316345566
"1695",38.9158707430492,0.0140092372617295,0.0193205877477353,0.926960474776474,0.0397097002140721
"1696",38.9331238078345,0.0140092372617295,0.0192685106918115,0.927012551832397,0.0397097002140721
"1697",38.9331945739892,0.0139711686822139,0.0192685106918115,0.927050620411913,0.0397097002140721
"1698",38.9600798254609,0.0139711686822139,0.0192164336358876,0.927102697467837,0.0397097002140721
"1699",38.9632075503408,0.0139331001026984,0.0192164336358876,0.927140766047352,0.0397097002140721
"1700",39.0080302530174,0.0139331001026984,0.0191643565799638,0.927192843103276,0.0397097002140721
"1701",39.012902036048,0.0138950315231828,0.0191643565799638,0.927230911682792,0.0397097002140721
"1702",39.0389271073908,0.0138950315231828,0.01911227952404,0.927282988738716,0.0397097002140721
"1703",39.0429233053912,0.0138569629436672,0.01911227952404,0.927321057318231,0.0397097002140721
"1704",39.0542664205035,0.0138569629436672,0.0190602024681162,0.927321057318231,0.039761777269996
"1705",39.0630615348307,0.0138188943641517,0.0190602024681162,0.927321057318231,0.0397998458495115
"1706",39.0805393191446,0.0138188943641517,0.0190081254121924,0.927373134374155,0.0397998458495115
"1707",39.0900397967031,0.0137808257846361,0.0190081254121924,0.927411202953671,0.0397998458495115
"1708",39.106636830916,0.0137808257846361,0.0189560483562686,0.927411202953671,0.0398519229054353
"1709",39.1144221625066,0.0137427572051205,0.0189560483562686,0.927411202953671,0.0398899914849509
"1710",39.1724903399214,0.0137427572051205,0.0189039713003448,0.927463280009594,0.0398899914849509
"1711",39.1792657135982,0.0137046886256049,0.0189039713003448,0.92750134858911,0.0398899914849509
"1712",39.2029198027845,0.0137046886256049,0.0188518942444209,0.927553425645034,0.0398899914849509
"1713",39.2048749141141,0.0137046886256049,0.0187998171884971,0.927605502700958,0.0398899914849509
"1714",39.2071613669327,0.0136666200460894,0.0187998171884971,0.927643571280473,0.0398899914849509
"1715",39.2087956516818,0.0136285514665738,0.0187998171884971,0.927681639859989,0.0398899914849509
"1716",39.4400624913245,0.0136285514665738,0.0187477401325733,0.927733716915913,0.0398899914849509
"1717",39.4493252975505,0.0135904828870582,0.0187477401325733,0.927771785495428,0.0398899914849509
"1718",39.5894653415285,0.0135904828870582,0.0186956630766495,0.927823862551352,0.0398899914849509
"1719",39.5959443022661,0.0135524143075427,0.0186956630766495,0.927861931130867,0.0398899914849509
"1720",39.6064590810672,0.0135524143075427,0.0186435860207257,0.927914008186791,0.0398899914849509
"1721",39.6082411160072,0.0135524143075427,0.0185915089648019,0.927914008186791,0.0399420685408747
"1722",39.6091659265625,0.0135142384925918,0.0185915089648019,0.927914008186791,0.0399802443558256
"1723",39.6145822273465,0.0134761702151479,0.0185915089648019,0.927952076464235,0.0399802443558256
"1724",39.6384442485869,0.0134761702151479,0.0185394319088781,0.927952076464235,0.0400323214117494
"1725",39.6446266235877,0.013438101937704,0.0185394319088781,0.927952076464235,0.0400703896891933
"1726",39.6758150250318,0.013438101937704,0.0184873548529542,0.928004153520159,0.0400703896891933
"1727",39.6798646764451,0.0134000336602601,0.0184873548529542,0.928042221797603,0.0400703896891933
"1728",39.6916150159905,0.0134000336602601,0.0184352777970304,0.928094298853527,0.0400703896891933
"1729",39.6922238242583,0.0133619653828161,0.0184352777970304,0.928132367130971,0.0400703896891933
"1730",39.7450821622149,0.0133619653828161,0.0183832007411066,0.928184444186895,0.0400703896891933
"1731",39.7473888692018,0.0133238971053722,0.0183832007411066,0.928222512464339,0.0400703896891933
"1732",39.7939493519564,0.0133238971053722,0.0183311236851828,0.928222512464339,0.0401224667451171
"1733",39.7948661960583,0.0133238971053722,0.018279046629259,0.928222512464339,0.0401745438010409
"1734",39.8007979581799,0.0132858288279283,0.018279046629259,0.928222512464339,0.0402126120784848
"1735",39.8021314167681,0.0132477605504844,0.018279046629259,0.928222512464339,0.0402506803559288
"1736",39.9487806744874,0.0132477605504844,0.0182269695733352,0.928222512464339,0.0403027574118526
"1737",39.9552144672419,0.0132096922730405,0.0182269695733352,0.928222512464339,0.0403408256892965
"1738",39.9821018440028,0.0132096922730405,0.0181748925174113,0.928222512464339,0.0403929027452203
"1739",39.9843884353604,0.0131716239955966,0.0181748925174113,0.928222512464339,0.0404309710226642
"1740",39.9885784474512,0.0131716239955966,0.0181228154614875,0.928222512464339,0.0404830480785881
"1741",39.9956303863957,0.0131335557181526,0.0181228154614875,0.928222512464339,0.040521116356032
"1742",40.024680948814,0.0131335557181526,0.0180707384055637,0.928274589520262,0.040521116356032
"1743",40.0257146298118,0.0130954874407087,0.0180707384055637,0.928312657797706,0.040521116356032
"1744",40.0628804234603,0.0130954874407087,0.0180186613496399,0.928312657797706,0.0405731934119558
"1745",40.0684108454363,0.0130574191632648,0.0180186613496399,0.928312657797706,0.0406112616893997
"1746",40.0876801219596,0.0130574191632648,0.0179665842937161,0.928312657797706,0.0406633387453235
"1747",40.089305736517,0.0130193508858209,0.0179665842937161,0.928312657797706,0.0407014070227675
"1748",40.1287020642495,0.0130193508858209,0.0179145072377923,0.92836473485363,0.0407014070227675
"1749",40.1335302407619,0.0129812826083769,0.0179145072377923,0.928402803131074,0.0407014070227675
"1750",40.2271532202293,0.0129812826083769,0.0178624301818685,0.928454880186998,0.0407014070227675
"1751",40.2357754810029,0.012943214330933,0.0178624301818685,0.928492948464442,0.0407014070227675
"1752",40.2382738829258,0.012943214330933,0.0178103531259446,0.928545025520366,0.0407014070227675
"1753",40.2463410295633,0.0129051460534891,0.0178103531259446,0.92858309379781,0.0407014070227675
"1754",40.2686496930589,0.0129051460534891,0.0177582760700208,0.928635170853733,0.0407014070227675
"1755",40.2687282139874,0.0128670777760452,0.0177582760700208,0.928673239131177,0.0407014070227675
"1756",40.2821996500693,0.0128670777760452,0.017706199014097,0.928725316187101,0.0407014070227675
"1757",40.2901747601061,0.0128290094986013,0.017706199014097,0.928763384464545,0.0407014070227675
"1758",40.3422599392403,0.0128290094986013,0.0176541219581732,0.928815461520469,0.0407014070227675
"1759",40.3442769167685,0.0127909412211573,0.0176541219581732,0.928853529797913,0.0407014070227675
"1760",40.3588223315546,0.0127909412211573,0.0176020449022494,0.928905606853837,0.0407014070227675
"1761",40.359630495259,0.0127528729437134,0.0176020449022494,0.928943675131281,0.0407014070227675
"1762",40.4341685931535,0.0127528729437134,0.0175499678463256,0.928995752187205,0.0407014070227675
"1763",40.4413457241665,0.0127148046662695,0.0175499678463256,0.929033820464649,0.0407014070227675
"1764",40.4460469408766,0.0127148046662695,0.0174978907904018,0.929085897520572,0.0407014070227675
"1765",40.449434855332,0.0127148046662695,0.0174458137344779,0.929085897520572,0.0407534840786913
"1766",40.4494595800401,0.0126767363888256,0.0174458137344779,0.929123965798016,0.0407534840786913
"1767",40.4583267529456,0.0126386681113817,0.0174458137344779,0.929123965798016,0.0407915523561352
"1768",40.5318013306133,0.0126386681113817,0.0173937366785541,0.92917604285394,0.0407915523561352
"1769",40.5395127349611,0.0126005998339377,0.0173937366785541,0.929214111131384,0.0407915523561352
"1770",40.5775097036298,0.0126005998339377,0.0173416596226303,0.929266188187308,0.0407915523561352
"1771",40.5837567823596,0.0125625315564938,0.0173416596226303,0.929304256464752,0.0407915523561352
"1772",40.6770514596777,0.0125625315564938,0.0172895825667065,0.929356333520676,0.0407915523561352
"1773",40.6828910122032,0.0125244632790499,0.0172895825667065,0.929394401798119,0.0407915523561352
"1774",40.7122533296682,0.0125244632790499,0.0172375055107827,0.929446478854043,0.0407915523561352
"1775",40.7196533665438,0.012486395001606,0.0172375055107827,0.929484547131487,0.0407915523561352
"1776",40.8192432469578,0.012486395001606,0.0171854284548589,0.929536624187411,0.0407915523561352
"1777",40.8264391329262,0.0124483267241621,0.0171854284548589,0.929574692464855,0.0407915523561352
"1778",40.8309300394874,0.0124483267241621,0.0171333513989351,0.929626769520779,0.0407915523561352
"1779",40.8319528406375,0.0124102584467181,0.0171333513989351,0.929664837798223,0.0407915523561352
"1780",40.8428749631447,0.0124102584467181,0.0170812743430112,0.929716914854147,0.0407915523561352
"1781",40.8522213602564,0.0123721901692742,0.0170812743430112,0.929754983131591,0.0407915523561352
"1782",40.9059924945834,0.0123721901692742,0.0170291972870874,0.929807060187514,0.0407915523561352
"1783",40.9116993869415,0.0123341218918303,0.0170291972870874,0.929845128464958,0.0407915523561352
"1784",40.9216375962499,0.0123341218918303,0.0169771202311636,0.929897205520882,0.0407915523561352
"1785",40.9225252406124,0.0123341218918303,0.0169250431752398,0.929949282576806,0.0407915523561352
"1786",40.9229072674957,0.0122960536143864,0.0169250431752398,0.92998735085425,0.0407915523561352
"1787",40.9274697765538,0.0122579853369425,0.0169250431752398,0.930025419131694,0.0407915523561352
"1788",40.9453505600492,0.0122579853369425,0.016872966119316,0.930025419131694,0.040843629412059
"1789",40.9465684246334,0.0122199170594985,0.016872966119316,0.930025419131694,0.0408816976895029
"1790",40.9745247974689,0.0122199170594985,0.0168208890633922,0.930077496187618,0.0408816976895029
"1791",40.977611890873,0.0121818487820546,0.0168208890633922,0.930115564465062,0.0408816976895029
"1792",40.9888770288332,0.0121818487820546,0.0167688120074684,0.930167641520986,0.0408816976895029
"1793",40.9923932193299,0.0121437805046107,0.0167688120074684,0.930205709798429,0.0408816976895029
"1794",41.1548247708813,0.0121437805046107,0.0167167349515445,0.930257786854353,0.0408816976895029
"1795",41.1640110002263,0.0121057122271668,0.0167167349515445,0.930295855131797,0.0408816976895029
"1796",41.2162555115689,0.0121057122271668,0.0166646578956207,0.930347932187721,0.0408816976895029
"1797",41.2200267850733,0.0121057122271668,0.0166125808396969,0.930400009243645,0.0408816976895029
"1798",41.2213527592491,0.0120676439497228,0.0166125808396969,0.930438077521089,0.0408816976895029
"1799",41.223767375182,0.0120295756722789,0.0166125808396969,0.930476145798533,0.0408816976895029
"1800",41.2352771542737,0.0120295756722789,0.0165605037837731,0.930528222854457,0.0408816976895029
"1801",41.2442673821635,0.011991507394835,0.0165605037837731,0.930566291131901,0.0408816976895029
"1802",41.2872465268376,0.011991507394835,0.0165084267278493,0.930618368187824,0.0408816976895029
"1803",41.2897970623493,0.0119534391173911,0.0165084267278493,0.930656436465268,0.0408816976895029
"1804",41.3012772118651,0.0119534391173911,0.0164563496719255,0.930708513521192,0.0408816976895029
"1805",41.310885005491,0.0119153708399472,0.0164563496719255,0.930746581798636,0.0408816976895029
"1806",41.4131033485733,0.0119153708399472,0.0164042726160017,0.93079865885456,0.0408816976895029
"1807",41.4149321056415,0.0118773025625032,0.0164042726160017,0.930836727132004,0.0408816976895029
"1808",41.4551582794463,0.0118773025625032,0.0163521955600778,0.930888804187928,0.0408816976895029
"1809",41.4650842686523,0.0118392342850593,0.0163521955600778,0.930926872465372,0.0408816976895029
"1810",41.5176132333775,0.0118392342850593,0.016300118504154,0.930926872465372,0.0409337747454267
"1811",41.5181374082303,0.0118011660076154,0.016300118504154,0.930926872465372,0.0409718430228707
"1812",41.5612574927509,0.0118011660076154,0.0162480414482302,0.930926872465372,0.0410239200787945
"1813",41.5660079084407,0.0117630977301715,0.0162480414482302,0.930926872465372,0.0410619883562384
"1814",41.6267537105735,0.0117630977301715,0.0161959643923064,0.930926872465372,0.0411140654121622
"1815",41.6362593545835,0.0117250294527276,0.0161959643923064,0.930926872465372,0.0411521336896061
"1816",41.6444240285889,0.0117250294527276,0.0161438873363826,0.930978949521295,0.0411521336896061
"1817",41.654141974879,0.0116869611752836,0.0161438873363826,0.931017017798739,0.0411521336896061
"1818",41.6560205675432,0.0116869611752836,0.0160918102804588,0.931069094854663,0.0411521336896061
"1819",41.6648667530905,0.0116488928978397,0.0160918102804588,0.931107163132107,0.0411521336896061
"1820",41.7863415909081,0.0116488928978397,0.0160397332245349,0.931159240188031,0.0411521336896061
"1821",41.7899801903835,0.0116108246203958,0.0160397332245349,0.931197308465475,0.0411521336896061
"1822",41.8043068350492,0.0116108246203958,0.0159876561686111,0.931249385521399,0.0411521336896061
"1823",41.8108529799515,0.0115727563429519,0.0159876561686111,0.931287453798843,0.0411521336896061
"1824",41.8235076118445,0.0115727563429519,0.0159355791126873,0.931339530854767,0.0411521336896061
"1825",41.8325294951977,0.011534688065508,0.0159355791126873,0.93137759913221,0.0411521336896061
"1826",41.8882943297549,0.011534688065508,0.0158835020567635,0.931429676188134,0.0411521336896061
"1827",41.8928838134649,0.011496619788064,0.0158835020567635,0.931467744465578,0.0411521336896061
"1828",41.9223614184992,0.011496619788064,0.0158314250008397,0.931519821521502,0.0411521336896061
"1829",41.9263315648693,0.0114585515106201,0.0158314250008397,0.931557889798946,0.0411521336896061
"1830",41.9272524556123,0.0114585515106201,0.0157793479449159,0.93160996685487,0.0411521336896061
"1831",41.9280439785403,0.0114204832331762,0.0157793479449159,0.931648035132314,0.0411521336896061
"1832",42.0309970096352,0.0114204832331762,0.0157272708889921,0.931700112188238,0.0411521336896061
"1833",42.032439479443,0.0113824149557323,0.0157272708889921,0.931738180465681,0.0411521336896061
"1834",42.0336356948418,0.0113824149557323,0.0156751938330682,0.931790257521605,0.0411521336896061
"1835",42.0350589834814,0.0113443466782884,0.0156751938330682,0.931828325799049,0.0411521336896061
"1836",42.1090615647305,0.0113443466782884,0.0156231167771444,0.931880402854973,0.0411521336896061
"1837",42.1161656118832,0.0113062784008444,0.0156231167771444,0.931918471132417,0.0411521336896061
"1838",42.1285708065433,0.0113062784008444,0.0155710397212206,0.931970548188341,0.0411521336896061
"1839",42.1295886575998,0.0112682101234005,0.0155710397212206,0.932008616465785,0.0411521336896061
"1840",42.2307174398132,0.0112682101234005,0.0155189626652968,0.932060693521709,0.0411521336896061
"1841",42.2353550187951,0.0112301418459566,0.0155189626652968,0.932098761799153,0.0411521336896061
"1842",42.2398640197783,0.0112301418459566,0.015466885609373,0.932150838855076,0.0411521336896061
"1843",42.2498164680495,0.0111920735685127,0.015466885609373,0.93218890713252,0.0411521336896061
"1844",42.2838715334965,0.0111920735685127,0.0154148085534492,0.932240984188444,0.0411521336896061
"1845",42.2935497077445,0.0111540052910688,0.0154148085534492,0.932279052465888,0.0411521336896061
"1846",42.3720163936487,0.0111540052910688,0.0153627314975254,0.932331129521812,0.0411521336896061
"1847",42.373651094629,0.0111540052910688,0.0153106544416015,0.932383206577736,0.0411521336896061
"1848",42.3754110589288,0.0111159370136248,0.0153106544416015,0.93242127485518,0.0411521336896061
"1849",42.3771345611654,0.0110778687361809,0.0153106544416015,0.932459343132624,0.0411521336896061
"1850",42.4199782007046,0.0110778687361809,0.0152585773856777,0.932459343132624,0.04120421074553
"1851",42.4229667496632,0.011039800458737,0.0152585773856777,0.932459343132624,0.0412422790229739
"1852",42.4581649343771,0.011039800458737,0.0152065003297539,0.932511420188547,0.0412422790229739
"1853",42.4647313325815,0.0110017321812931,0.0152065003297539,0.932549488465991,0.0412422790229739
"1854",42.4839219498488,0.0110017321812931,0.0151544232738301,0.932601565521915,0.0412422790229739
"1855",42.4915957730886,0.0109636639038492,0.0151544232738301,0.932639633799359,0.0412422790229739
"1856",42.615739352704,0.0109636639038492,0.0151019858230556,0.932692071250134,0.0412422790229739
"1857",42.6182871407839,0.0109255956264052,0.0151019858230556,0.932730139527578,0.0412422790229739
"1858",42.6547911910297,0.0109255956264052,0.0150495483722811,0.932782576978352,0.0412422790229739
"1859",42.6579413309254,0.0108875273489613,0.0150495483722811,0.932820645255796,0.0412422790229739
"1860",42.6670548628534,0.0108875273489613,0.0149971109215066,0.932873082706571,0.0412422790229739
"1861",42.6740612420028,0.0108494590715174,0.0149971109215066,0.932911150984014,0.0412422790229739
"1862",42.6887122630346,0.0108494590715174,0.0149446734707321,0.932911150984014,0.0412947164737484
"1863",42.6897361976346,0.0108113907940735,0.0149446734707321,0.932911150984014,0.0413327847511923
"1864",42.7738730746011,0.0108113907940735,0.0148922360199576,0.932911150984014,0.0413852222019668
"1865",42.7830612436372,0.0107733225166296,0.0148922360199576,0.932911150984014,0.0414232904794107
"1866",42.8409703844722,0.0107733225166296,0.0148397985691831,0.932963588434789,0.0414232904794107
"1867",42.8430110290257,0.0107352542391856,0.0148397985691831,0.933001656712233,0.0414232904794107
"1868",42.9991373181407,0.0107352542391856,0.0147873611184086,0.933054094163007,0.0414232904794107
"1869",43.0021404808777,0.0106971859617417,0.0147873611184086,0.933092162440451,0.0414232904794107
"1870",43.1203260139042,0.0106971859617417,0.0147349236676341,0.933144599891226,0.0414232904794107
"1871",43.1247950378262,0.0106591176842978,0.0147349236676341,0.93318266816867,0.0414232904794107
"1872",43.1677464129795,0.0106591176842978,0.0146824862168596,0.933235105619444,0.0414232904794107
"1873",43.1714126913548,0.0106210494068539,0.0146824862168596,0.933273173896888,0.0414232904794107
"1874",43.1808255967765,0.0106210494068539,0.0146300487660851,0.933325611347663,0.0414232904794107
"1875",43.1857828718901,0.0105829811294099,0.0146300487660851,0.933363679625107,0.0414232904794107
"1876",43.2621578636269,0.0105829811294099,0.0145776113153106,0.933363679625107,0.0414757279301852
"1877",43.2697673698717,0.010544912851966,0.0145776113153106,0.933363679625107,0.0415137962076291
"1878",43.3750510984596,0.010544912851966,0.0145251738645361,0.933416117075881,0.0415137962076291
"1879",43.3808754481568,0.0105068445745221,0.0145251738645361,0.933454185353325,0.0415137962076291
"1880",43.4593481677045,0.0105068445745221,0.0144727364137616,0.9335066228041,0.0415137962076291
"1881",43.4594902473079,0.0104687762970782,0.0144727364137616,0.933544691081543,0.0415137962076291
"1882",43.5124476691686,0.0104687762970782,0.0144202989629871,0.933597128532318,0.0415137962076291
"1883",43.5136028032006,0.0104307080196343,0.0144202989629871,0.933635196809762,0.0415137962076291
"1884",43.5946567132012,0.0104307080196343,0.0143678615122126,0.933687634260536,0.0415137962076291
"1885",43.6030599793247,0.0103926397421903,0.0143678615122126,0.93372570253798,0.0415137962076291
"1886",43.6445966313283,0.0103926397421903,0.0143154240614381,0.93372570253798,0.0415662336584037
"1887",43.6470417243304,0.0103545714647464,0.0143154240614381,0.93372570253798,0.0416043019358476
"1888",43.6496441917886,0.0103545714647464,0.0142629866106636,0.933778139988755,0.0416043019358476
"1889",43.6532723189467,0.0103165031873025,0.0142629866106636,0.933816208266199,0.0416043019358476
"1890",43.6595501733094,0.0103165031873025,0.0142105491598891,0.933868645716973,0.0416043019358476
"1891",43.6604509378735,0.0103165031873025,0.0141581117091146,0.933921083167748,0.0416043019358476
"1892",43.6649477575601,0.0102784349098586,0.0141581117091146,0.933959151445192,0.0416043019358476
"1893",43.6679516176612,0.0102403666324147,0.0141581117091146,0.933997219722636,0.0416043019358476
"1894",43.6693102062347,0.0102403666324147,0.0141056742583401,0.93404965717341,0.0416043019358476
"1895",43.6712334560247,0.0102022983549707,0.0141056742583401,0.934087725450854,0.0416043019358476
"1896",43.7748298478188,0.0102022983549707,0.0140532368075656,0.934140162901629,0.0416043019358476
"1897",43.7752271405669,0.0101642300775268,0.0140532368075656,0.934178231179073,0.0416043019358476
"1898",43.7957492080598,0.0101642300775268,0.0140007993567911,0.934230668629847,0.0416043019358476
"1899",43.8029516395379,0.0101261618000829,0.0140007993567911,0.934268736907291,0.0416043019358476
"1900",44.0805808591346,0.0101261618000829,0.0139483619060166,0.934268736907291,0.0416567393866221
"1901",44.083712944518,0.010088093522639,0.0139483619060166,0.934268736907291,0.041694807664066
"1902",44.1198140051362,0.010088093522639,0.0138959244552421,0.934321174358065,0.041694807664066
"1903",44.1282432551874,0.0100500252451951,0.0138959244552421,0.93435924263551,0.041694807664066
"1904",44.1788307849503,0.0100500252451951,0.0138434870044676,0.934411680086284,0.041694807664066
"1905",44.1843510621785,0.0100119569677511,0.0138434870044676,0.934449748363728,0.041694807664066
"1906",44.1852403994096,0.0100119569677511,0.0137910495536931,0.934502185814502,0.041694807664066
"1907",44.1933207274839,0.00997388869030721,0.0137910495536931,0.934540254091946,0.041694807664066
"1908",44.2198735612134,0.00997388869030721,0.0137386121029186,0.934540254091946,0.0417472451148405
"1909",44.2276368465337,0.00993582041286329,0.0137386121029186,0.934540254091946,0.0417853133922844
"1910",44.303216448155,0.00993582041286329,0.0136861746521441,0.934592691542721,0.0417853133922844
"1911",44.3118498043355,0.00989775213541936,0.0136861746521441,0.934630759820165,0.0417853133922844
"1912",44.3511400105823,0.00989775213541936,0.0136337372013696,0.934683197270939,0.0417853133922844
"1913",44.3591289382983,0.00985968385797545,0.0136337372013696,0.934721265548383,0.0417853133922844
"1914",44.4016260139415,0.00985968385797545,0.0135812997505951,0.934773702999158,0.0417853133922844
"1915",44.4074156589507,0.00982161558053153,0.0135812997505951,0.934811771276602,0.0417853133922844
"1916",44.4079172558116,0.00982161558053153,0.0135288622998206,0.934811771276602,0.0418377508430589
"1917",44.4096134228294,0.00978354730308761,0.0135288622998206,0.934811771276602,0.0418758191205028
"1918",44.5038742481148,0.00978354730308761,0.0134764248490461,0.934864208727376,0.0418758191205028
"1919",44.5111827933904,0.00974547902564369,0.0134764248490461,0.93490227700482,0.0418758191205028
"1920",44.5887040481316,0.00974547902564369,0.0134239873982716,0.934954714455595,0.0418758191205028
"1921",44.5912586113294,0.00970741074819977,0.0134239873982716,0.934992782733038,0.0418758191205028
"1922",44.6027417297763,0.00970741074819977,0.0133715499474971,0.935045220183813,0.0418758191205028
"1923",44.6117570239314,0.00966934247075585,0.0133715499474971,0.935083288461257,0.0418758191205028
"1924",44.6255039218955,0.00966934247075585,0.0133191124967226,0.935135725912031,0.0418758191205028
"1925",44.6289709084484,0.00963127419331193,0.0133191124967226,0.935173794189475,0.0418758191205028
"1926",44.6406879920697,0.00963127419331193,0.0132666750459481,0.93522623164025,0.0418758191205028
"1927",44.6503016551978,0.00959320591586801,0.0132666750459481,0.935264299917694,0.0418758191205028
"1928",44.7846294020613,0.00959320591586801,0.0132142375951736,0.935264299917694,0.0419282565712773
"1929",44.785934402827,0.00955513763842409,0.0132142375951736,0.935264299917694,0.0419663248487213
"1930",44.8022127713365,0.00955513763842409,0.0131618001443991,0.935316737368468,0.0419663248487213
"1931",44.8105000373986,0.00951706936098017,0.0131618001443991,0.935354805645912,0.0419663248487213
"1932",44.8359179456806,0.00951706936098017,0.0131093626936247,0.935354805645912,0.0420187622994957
"1933",44.8428862262186,0.00947900108353625,0.0131093626936247,0.935354805645912,0.0420568305769397
"1934",45.0761316285136,0.00947900108353625,0.0130569252428502,0.935407243096687,0.0420568305769397
"1935",45.0778839338192,0.00944093280609233,0.0130569252428502,0.935445311374131,0.0420568305769397
"1936",45.0870494816637,0.00944093280609233,0.0130044877920757,0.935497748824905,0.0420568305769397
"1937",45.0910302013553,0.0094028645286484,0.0130044877920757,0.935535817102349,0.0420568305769397
"1938",45.3489103615284,0.0094028645286484,0.0129518380439296,0.935535817102349,0.0421094803250857
"1939",45.3541978303436,0.00936479625120448,0.0129518380439296,0.935535817102349,0.0421475486025296
"1940",45.419364002738,0.00936479625120448,0.0128991882957835,0.935588466850495,0.0421475486025296
"1941",45.426818808515,0.00932672797376056,0.0128991882957835,0.935626535127939,0.0421475486025296
"1942",45.4289244363365,0.00932672797376056,0.0128465385476375,0.935679184876085,0.0421475486025296
"1943",45.4340848881031,0.00928865969631664,0.0128465385476375,0.935717253153529,0.0421475486025296
"1944",45.6760509165208,0.00928865969631664,0.0127938887994914,0.935717253153529,0.0422001983506757
"1945",45.6834403240093,0.00925059141887272,0.0127938887994914,0.935717253153529,0.0422382666281196
"1946",45.7750092240024,0.00925059141887272,0.0127412390513454,0.935717253153529,0.0422909163762657
"1947",45.7770144576366,0.0092125231414288,0.0127412390513454,0.935717253153529,0.0423289846537096
"1948",45.9332530647516,0.0092125231414288,0.0126885893031993,0.935717253153529,0.0423816344018557
"1949",45.9337614480709,0.00917445486398488,0.0126885893031993,0.935717253153529,0.0424197026792996
"1950",45.9520024705863,0.00917445486398488,0.0126359395550533,0.935769902901675,0.0424197026792996
"1951",45.9590443816989,0.00913638658654096,0.0126359395550533,0.935807971179119,0.0424197026792996
"1952",46.1368921878208,0.00913638658654096,0.0125832898069072,0.935860620927265,0.0424197026792996
"1953",46.1456972765127,0.00909831830909704,0.0125832898069072,0.935898689204709,0.0424197026792996
"1954",46.1658700206812,0.00909831830909704,0.0125306400587612,0.935951338952855,0.0424197026792996
"1955",46.1730518806825,0.00906025003165312,0.0125306400587612,0.935989407230299,0.0424197026792996
"1956",46.3171004362175,0.00906025003165312,0.0124779903106151,0.936042056978445,0.0424197026792996
"1957",46.3190545322401,0.00902218175420919,0.0124779903106151,0.936080125255889,0.0424197026792996
"1958",46.3304307459728,0.00902218175420919,0.012425340562469,0.936132775004035,0.0424197026792996
"1959",46.3351800505761,0.00898411347676528,0.012425340562469,0.936170843281479,0.0424197026792996
"1960",46.3574915139053,0.00898411347676528,0.012372690814323,0.936170843281479,0.0424723524274456
"1961",46.358006939292,0.00898411347676528,0.0123200410661769,0.936170843281479,0.0425250021755917
"1962",46.3607536555105,0.00894604519932136,0.0123200410661769,0.936170843281479,0.0425630704530356
"1963",46.3621708653403,0.00890797692187744,0.0123200410661769,0.936170843281479,0.0426011387304795
"1964",46.4059816200471,0.00890797692187744,0.0122673913180309,0.936223493029625,0.0426011387304795
"1965",46.4134344682725,0.00886990864443352,0.0122673913180309,0.936261561307069,0.0426011387304795
"1966",46.6095987968147,0.00886990864443352,0.0122147415698848,0.936261561307069,0.0426537884786256
"1967",46.6156142143137,0.0088318403669896,0.0122147415698848,0.936261561307069,0.0426918567560695
"1968",46.6341054948668,0.0088318403669896,0.0121620918217388,0.936261561307069,0.0427445065042156
"1969",46.6410755406289,0.00879377208954567,0.0121620918217388,0.936261561307069,0.0427825747816595
"1970",46.6678171670042,0.00879377208954567,0.0121094420735927,0.936314211055215,0.0427825747816595
"1971",46.6682208904136,0.00875570381210176,0.0121094420735927,0.936352279332659,0.0427825747816595
"1972",46.7186616373559,0.00875570381210176,0.0120567923254467,0.936352279332659,0.0428352245298055
"1973",46.7214235967173,0.00871763553465784,0.0120567923254467,0.936352279332659,0.0428732928072495
"1974",46.7566510810391,0.00871763553465784,0.0120041425773006,0.936404929080805,0.0428732928072495
"1975",46.7568414031495,0.00867956725721392,0.0120041425773006,0.936442997358249,0.0428732928072495
"1976",46.7903767973185,0.00867956725721392,0.0119514928291545,0.936442997358249,0.0429259425553955
"1977",46.7962758015632,0.00864149897977,0.0119514928291545,0.936442997358249,0.0429640108328394
"1978",46.8030296414034,0.00864149897977,0.0118988430810085,0.936495647106395,0.0429640108328394
"1979",46.8105222658129,0.00860343070232608,0.0118988430810085,0.936533715383839,0.0429640108328394
"1980",46.9552414131661,0.00860343070232608,0.0118461933328624,0.936533715383839,0.0430166605809855
"1981",46.9646487039103,0.00856536242488216,0.0118461933328624,0.936533715383839,0.0430547288584294
"1982",46.9926828704812,0.00856536242488216,0.0117935435847164,0.936533715383839,0.0431073786065755
"1983",47.0020056418181,0.00852729414743824,0.0117935435847164,0.936533715383839,0.0431454468840194
"1984",47.0438525228636,0.00852729414743824,0.0117408938365703,0.936586365131985,0.0431454468840194
"1985",47.0460892803515,0.00848922586999431,0.0117408938365703,0.936624433409429,0.0431454468840194
"1986",47.0560516689158,0.00848922586999431,0.0116882440884243,0.936677083157575,0.0431454468840194
"1987",47.0591694056404,0.00845115759255039,0.0116882440884243,0.936715151435018,0.0431454468840194
"1988",47.0646113593806,0.00845115759255039,0.0116355943402782,0.936767801183164,0.0431454468840194
"1989",47.070299310711,0.00845115759255039,0.0115829445921322,0.93682045093131,0.0431454468840194
"1990",47.0727239253232,0.00841308931510647,0.0115829445921322,0.936858519208755,0.0431454468840194
"1991",47.075168707153,0.00837502103766255,0.0115829445921322,0.936896587486198,0.0431454468840194
"1992",47.0882261940773,0.00837502103766255,0.0115302948439861,0.936949237234344,0.0431454468840194
"1993",47.0942976734607,0.00833695276021863,0.0115302948439861,0.936987305511788,0.0431454468840194
"1994",47.3078414531816,0.00833695276021863,0.01147764509584,0.937039955259934,0.0431454468840194
"1995",47.3096054105247,0.00829888448277471,0.01147764509584,0.937078023537378,0.0431454468840194
"1996",47.3511312728127,0.00829888448277471,0.011424995347694,0.937078023537378,0.0431980966321655
"1997",47.3536096301939,0.00826081620533079,0.011424995347694,0.937078023537378,0.0432361649096094
"1998",47.4468413267469,0.00826081620533079,0.0113723455995479,0.937130673285524,0.0432361649096094
"1999",47.4527524149579,0.00822274792788687,0.0113723455995479,0.937168741562968,0.0432361649096094
"2000",47.56673,0.008222748,0.0113197,0.9371687,0.04328881
"2001",47.57394,0.00818468,0.0113197,0.9371687,0.04332688
"2002",47.62767,0.00818468,0.01126705,0.9371687,0.04337953
"2003",47.637,0.008146611,0.01126705,0.9371687,0.0434176
"2004",47.70067,0.008146611,0.0112144,0.9371687,0.04347025
"2005",47.70849,0.008108543,0.0112144,0.9371687,0.04350832
"2006",47.76121,0.008108543,0.01116175,0.9372214,0.04350832
"2007",47.7648,0.008070475,0.01116175,0.9372595,0.04350832
"2008",47.86743,0.008070475,0.0111091,0.9372595,0.04356097
"2009",47.86981,0.008032407,0.0111091,0.9372595,0.04359904
"2010",47.96059,0.008032407,0.01105645,0.9373121,0.04359904
"2011",47.96061,0.007994338,0.01105645,0.9373502,0.04359904
"2012",48.0015,0.007994338,0.0110038,0.9374028,0.04359904
"2013",48.01035,0.00795627,0.0110038,0.9374409,0.04359904
"2014",48.07675,0.00795627,0.01095115,0.9374935,0.04359904
"2015",48.08409,0.007918202,0.01095115,0.9375316,0.04359904
"2016",48.10249,0.007918202,0.0108985,0.9375843,0.04359904
"2017",48.10914,0.007880133,0.0108985,0.9376223,0.04359904
"2018",48.16996,0.007880133,0.01084585,0.9376223,0.04365169
"2019",48.17621,0.007842065,0.01084585,0.9376223,0.04368976
"2020",48.23783,0.007842065,0.0107932,0.937675,0.04368976
"2021",48.24548,0.007803997,0.0107932,0.937713,0.04368976
"2022",48.2733,0.007803997,0.01074055,0.9377657,0.04368976
"2023",48.28082,0.007765929,0.01074055,0.9378038,0.04368976
"2024",48.28096,0.007765929,0.0106879,0.9378564,0.04368976
"2025",48.28314,0.00772786,0.0106879,0.9378945,0.04368976
"2026",48.31412,0.00772786,0.01063525,0.9379471,0.04368976
"2027",48.32352,0.007689792,0.01063525,0.9379852,0.04368976
"2028",48.3695,0.007689792,0.0105826,0.9380379,0.04368976
"2029",48.37087,0.007651724,0.0105826,0.9380759,0.04368976
"2030",48.39595,0.007651724,0.01052995,0.9381286,0.04368976
"2031",48.40226,0.007613655,0.01052995,0.9381666,0.04368976
"2032",48.57329,0.007613655,0.0104773,0.9381666,0.0437424
"2033",48.58285,0.007575587,0.0104773,0.9381666,0.04378047
"2034",48.61134,0.007575587,0.01042465,0.9382193,0.04378047
"2035",48.6191,0.007537519,0.01042465,0.9382574,0.04378047
"2036",48.75115,0.007537519,0.010372,0.93831,0.04378047
"2037",48.75862,0.007499451,0.010372,0.9383481,0.04378047
"2038",48.83392,0.007499451,0.01031935,0.9384007,0.04378047
"2039",48.84379,0.007461382,0.01031935,0.9384388,0.04378047
"2040",48.86046,0.007461382,0.0102667,0.9384914,0.04378047
"2041",48.86468,0.007423314,0.0102667,0.9385295,0.04378047
"2042",48.88253,0.007423314,0.01021405,0.9385822,0.04378047
"2043",48.88914,0.007385246,0.01021405,0.9386202,0.04378047
"2044",48.92562,0.007385246,0.0101614,0.9386729,0.04378047
"2045",48.93468,0.007347178,0.0101614,0.9387109,0.04378047
"2046",48.95639,0.007347178,0.01010875,0.9387636,0.04378047
"2047",48.95767,0.007309109,0.01010875,0.9388017,0.04378047
"2048",48.98054,0.007309109,0.0100561,0.9388543,0.04378047
"2049",48.98066,0.007271041,0.0100561,0.9388924,0.04378047
"2050",49.06953,0.007271041,0.01000345,0.938945,0.04378047
"2051",49.07024,0.007271041,0.009950802,0.938945,0.04383312
"2052",49.07373,0.007232973,0.009950802,0.938945,0.04387119
"2053",49.07778,0.007194904,0.009950802,0.9389831,0.04387119
"2054",49.09428,0.007194904,0.009898153,0.9389831,0.04392384
"2055",49.10084,0.007156836,0.009898153,0.9389831,0.04396191
"2056",49.16204,0.007156836,0.009845503,0.9390358,0.04396191
"2057",49.1624,0.007118768,0.009845503,0.9390738,0.04396191
"2058",49.17294,0.007118768,0.009792853,0.9390738,0.04401456
"2059",49.17559,0.0070807,0.009792853,0.9390738,0.04405263
"2060",49.24196,0.0070807,0.009740203,0.9390738,0.04410528
"2061",49.249,0.007042631,0.009740203,0.9390738,0.04414335
"2062",49.44699,0.007042631,0.009687554,0.9390738,0.04419599
"2063",49.45528,0.007004563,0.009687554,0.9390738,0.04423406
"2064",49.55945,0.007004563,0.009634904,0.9391265,0.04423406
"2065",49.56132,0.006966495,0.009634904,0.9391645,0.04423406
"2066",49.64017,0.006966495,0.009582254,0.9392172,0.04423406
"2067",49.64194,0.006928426,0.009582254,0.9392553,0.04423406
"2068",49.72561,0.006928426,0.009529604,0.9393079,0.04423406
"2069",49.72687,0.006890358,0.009529604,0.939346,0.04423406
"2070",49.73029,0.006890358,0.009476955,0.9393986,0.04423406
"2071",49.73793,0.00685229,0.009476955,0.9394367,0.04423406
"2072",50.01905,0.00685229,0.009424305,0.9394367,0.04428671
"2073",50.01919,0.006814222,0.009424305,0.9394367,0.04432478
"2074",50.03863,0.006814222,0.009371655,0.9394893,0.04432478
"2075",50.04287,0.006776153,0.009371655,0.9395274,0.04432478
"2076",50.09411,0.006776153,0.009319005,0.9395801,0.04432478
"2077",50.09542,0.006738085,0.009319005,0.9396181,0.04432478
"2078",50.48281,0.006738085,0.009266356,0.9396708,0.04432478
"2079",50.48355,0.006700017,0.009266356,0.9397088,0.04432478
"2080",50.83785,0.006700017,0.009213706,0.9397615,0.04432478
"2081",50.84422,0.006661949,0.009213706,0.9397996,0.04432478
"2082",50.92793,0.006661949,0.009161056,0.9398522,0.04432478
"2083",50.93194,0.00662388,0.009161056,0.9398903,0.04432478
"2084",50.94381,0.00662388,0.009108406,0.9399429,0.04432478
"2085",50.94621,0.006585812,0.009108406,0.939981,0.04432478
"2086",50.97847,0.006585812,0.009055757,0.9400337,0.04432478
"2087",50.98329,0.006547744,0.009055757,0.9400717,0.04432478
"2088",50.98406,0.006547744,0.009003107,0.9401244,0.04432478
"2089",50.99059,0.006509675,0.009003107,0.9401624,0.04432478
"2090",51.14099,0.006509675,0.008950457,0.9402151,0.04432478
"2091",51.14235,0.006471607,0.008950457,0.9402532,0.04432478
"2092",51.21236,0.006471607,0.008897807,0.9403058,0.04432478
"2093",51.22018,0.006433539,0.008897807,0.9403439,0.04432478
"2094",51.32027,0.006433539,0.008845158,0.9403965,0.04432478
"2095",51.32594,0.006395471,0.008845158,0.9404346,0.04432478
"2096",51.35825,0.006395471,0.008792508,0.9404872,0.04432478
"2097",51.36733,0.006357402,0.008792508,0.9405253,0.04432478
"2098",51.74638,0.006357402,0.008739858,0.940578,0.04432478
"2099",51.75496,0.006319334,0.008739858,0.940616,0.04432478
"2100",51.86119,0.006319334,0.008687208,0.940616,0.04437743
"2101",51.87009,0.006281266,0.008687208,0.940616,0.0444155
"2102",51.91362,0.006281266,0.008634559,0.940616,0.04446815
"2103",51.92162,0.006243198,0.008634559,0.940616,0.04450622
"2104",52.1119,0.006243198,0.008581909,0.9406687,0.04450622
"2105",52.11789,0.006205129,0.008581909,0.9407067,0.04450622
"2106",52.19809,0.006205129,0.008529259,0.9407594,0.04450622
"2107",52.20607,0.006167061,0.008529259,0.9407975,0.04450622
"2108",52.22171,0.006167061,0.008476609,0.9408501,0.04450622
"2109",52.23078,0.006128993,0.008476609,0.9408882,0.04450622
"2110",52.52932,0.006128993,0.00842396,0.9408882,0.04455887
"2111",52.53184,0.006090924,0.00842396,0.9408882,0.04459694
"2112",52.53246,0.006090924,0.00837131,0.9408882,0.04464959
"2113",52.54011,0.006052856,0.00837131,0.9408882,0.04468765
"2114",52.58761,0.006052856,0.00831866,0.9408882,0.0447403
"2115",52.59329,0.006014788,0.00831866,0.9408882,0.04477837
"2116",52.63955,0.006014788,0.00826601,0.9409408,0.04477837
"2117",52.6432,0.00597672,0.00826601,0.9409789,0.04477837
"2118",52.69344,0.00597672,0.008213361,0.9409789,0.04483102
"2119",52.69569,0.005938651,0.008213361,0.9409789,0.04486909
"2120",52.74309,0.005938651,0.008160711,0.9410315,0.04486909
"2121",52.74444,0.005900583,0.008160711,0.9410696,0.04486909
"2122",52.84204,0.005900583,0.008108061,0.9411223,0.04486909
"2123",52.84771,0.005862515,0.008108061,0.9411603,0.04486909
"2124",53.07563,0.005862515,0.008055411,0.941213,0.04486909
"2125",53.08328,0.005824446,0.008055411,0.9412511,0.04486909
"2126",53.12249,0.005824446,0.008002762,0.9413037,0.04486909
"2127",53.13136,0.005786378,0.008002762,0.9413418,0.04486909
"2128",53.13566,0.005786378,0.007950112,0.9413418,0.04492174
"2129",53.13662,0.00574831,0.007950112,0.9413418,0.04495981
"2130",53.49702,0.00574831,0.007897462,0.9413418,0.04501246
"2131",53.49967,0.005710242,0.007897462,0.9413418,0.04505053
"2132",53.81842,0.005710242,0.007844812,0.9413944,0.04505053
"2133",53.82618,0.005672173,0.007844812,0.9414325,0.04505053
"2134",53.8672,0.005672173,0.007792163,0.9414851,0.04505053
"2135",53.87211,0.005634105,0.007792163,0.9415232,0.04505053
"2136",54.13304,0.005634105,0.007739513,0.9415759,0.04505053
"2137",54.13888,0.005596037,0.007739513,0.9416139,0.04505053
"2138",54.20787,0.005596037,0.007686863,0.9416139,0.04510318
"2139",54.21414,0.005557969,0.007686863,0.9416139,0.04514124
"2140",54.36762,0.005557969,0.007634213,0.9416139,0.04519389
"2141",54.36831,0.0055199,0.007634213,0.9416139,0.04523196
"2142",54.38907,0.0055199,0.007581564,0.9416666,0.04523196
"2143",54.39874,0.005481832,0.007581564,0.9417046,0.04523196
"2144",54.67914,0.005481832,0.007528914,0.9417573,0.04523196
"2145",54.68475,0.005443764,0.007528914,0.9417954,0.04523196
"2146",54.7822,0.005443764,0.007476264,0.941848,0.04523196
"2147",54.7885,0.005405695,0.007476264,0.9418861,0.04523196
"2148",55.16519,0.005405695,0.007423614,0.9419387,0.04523196
"2149",55.16701,0.005367627,0.007423614,0.9419768,0.04523196
"2150",55.17164,0.005367627,0.007370965,0.9420294,0.04523196
"2151",55.17983,0.005329559,0.007370965,0.9420675,0.04523196
"2152",55.2773,0.005329559,0.007318315,0.9421202,0.04523196
"2153",55.2851,0.005291491,0.007318315,0.9421582,0.04523196
"2154",55.3733,0.005291491,0.007265665,0.9421582,0.04528461
"2155",55.37424,0.005253422,0.007265665,0.9421582,0.04532268
"2156",55.46542,0.005253422,0.007213015,0.9422109,0.04532268
"2157",55.47181,0.005253422,0.007160366,0.9422635,0.04532268
"2158",55.47206,0.005215354,0.007160366,0.9423016,0.04532268
"2159",55.47459,0.005177286,0.007160366,0.9423397,0.04532268
"2160",55.47825,0.005177286,0.007107716,0.9423923,0.04532268
"2161",55.48184,0.005139217,0.007107716,0.9424304,0.04532268
"2162",55.60252,0.005139217,0.007055066,0.942483,0.04532268
"2163",55.60841,0.005101149,0.007055066,0.9425211,0.04532268
"2164",55.68331,0.005101149,0.007002417,0.9425738,0.04532268
"2165",55.68517,0.005063081,0.007002417,0.9426118,0.04532268
"2166",55.70407,0.005063081,0.006949767,0.9426645,0.04532268
"2167",55.70455,0.005025013,0.006949767,0.9427025,0.04532268
"2168",56.16611,0.005025013,0.006897117,0.9427552,0.04532268
"2169",56.17293,0.004986944,0.006897117,0.9427933,0.04532268
"2170",56.19789,0.004986944,0.006844467,0.9428459,0.04532268
"2171",56.20293,0.004948876,0.006844467,0.942884,0.04532268
"2172",56.25399,0.004948876,0.006791818,0.942884,0.04537533
"2173",56.26293,0.004910808,0.006791818,0.942884,0.0454134
"2174",56.47489,0.004910808,0.006739168,0.9429366,0.0454134
"2175",56.48344,0.00487274,0.006739168,0.9429747,0.0454134
"2176",56.58723,0.00487274,0.006686518,0.9430273,0.0454134
"2177",56.5876,0.004834671,0.006686518,0.9430654,0.0454134
"2178",56.62764,0.004834671,0.006633868,0.9431181,0.0454134
"2179",56.63623,0.004796603,0.006633868,0.9431561,0.0454134
"2180",56.80219,0.004796603,0.006581219,0.9432088,0.0454134
"2181",56.80632,0.004758535,0.006581219,0.9432468,0.0454134
"2182",56.81539,0.004758535,0.006528569,0.9432995,0.0454134
"2183",56.81951,0.004720466,0.006528569,0.9433376,0.0454134
"2184",56.94487,0.004720466,0.006475919,0.9433902,0.0454134
"2185",56.95153,0.004682398,0.006475919,0.9434283,0.0454134
"2186",56.9601,0.004682398,0.006423269,0.9434283,0.04546605
"2187",56.96328,0.00464433,0.006423269,0.9434283,0.04550412
"2188",56.9824,0.00464433,0.00637062,0.9434809,0.04550412
"2189",56.99035,0.004606262,0.00637062,0.943519,0.04550412
"2190",57.53684,0.004606262,0.00631797,0.9435717,0.04550412
"2191",57.54681,0.004568193,0.00631797,0.9436097,0.04550412
"2192",57.62467,0.004568193,0.00626532,0.9436624,0.04550412
"2193",57.63398,0.004530125,0.00626532,0.9437004,0.04550412
"2194",57.68137,0.004530125,0.00621267,0.9437531,0.04550412
"2195",57.68986,0.004492057,0.00621267,0.9437912,0.04550412
"2196",57.69324,0.004492057,0.006160021,0.9438438,0.04550412
"2197",57.6958,0.004453988,0.006160021,0.9438819,0.04550412
"2198",57.8682,0.004453988,0.006107371,0.9439345,0.04550412
"2199",57.87243,0.00441592,0.006107371,0.9439726,0.04550412
"2200",57.91843,0.00441592,0.006054721,0.9440252,0.04550412
"2201",57.92123,0.004377852,0.006054721,0.9440633,0.04550412
"2202",58.04958,0.004377852,0.006002071,0.9440633,0.04555677
"2203",58.05252,0.004339784,0.006002071,0.9440633,0.04559483
"2204",58.31446,0.004339784,0.005949422,0.9440633,0.04564748
"2205",58.31488,0.004301715,0.005949422,0.9440633,0.04568555
"2206",58.40109,0.004301715,0.005896772,0.944116,0.04568555
"2207",58.40667,0.004263647,0.005896772,0.944154,0.04568555
"2208",58.56526,0.004263647,0.005844122,0.9442067,0.04568555
"2209",58.57394,0.004225579,0.005844122,0.9442447,0.04568555
"2210",58.58948,0.004225579,0.005791472,0.9442974,0.04568555
"2211",58.59662,0.004187511,0.005791472,0.9443355,0.04568555
"2212",58.64368,0.004187511,0.005738823,0.9443881,0.04568555
"2213",58.64492,0.004149442,0.005738823,0.9444262,0.04568555
"2214",58.67989,0.004149442,0.005686173,0.9444788,0.04568555
"2215",58.68497,0.004111374,0.005686173,0.9445169,0.04568555
"2216",58.75206,0.004111374,0.005633523,0.9445696,0.04568555
"2217",58.75707,0.004073306,0.005633523,0.9446076,0.04568555
"2218",58.86214,0.004073306,0.005580873,0.9446076,0.0457382
"2219",58.86976,0.004035237,0.005580873,0.9446076,0.04577627
"2220",58.88192,0.004035237,0.005528224,0.9446603,0.04577627
"2221",58.88958,0.003997169,0.005528224,0.9446983,0.04577627
"2222",59.82349,0.003997169,0.005475574,0.944751,0.04577627
"2223",59.82745,0.003959101,0.005475574,0.9447891,0.04577627
"2224",59.86672,0.003959101,0.005422924,0.9448417,0.04577627
"2225",59.87097,0.003921033,0.005422924,0.9448798,0.04577627
"2226",60.20449,0.003921033,0.005370274,0.9449324,0.04577627
"2227",60.20487,0.003882964,0.005370274,0.9449705,0.04577627
"2228",60.28306,0.003882964,0.005317625,0.9450231,0.04577627
"2229",60.28921,0.003844896,0.005317625,0.9450612,0.04577627
"2230",60.49699,0.003844896,0.005264975,0.9451139,0.04577627
"2231",60.49996,0.003806828,0.005264975,0.9451519,0.04577627
"2232",60.71146,0.003806828,0.005212325,0.9452046,0.04577627
"2233",60.71724,0.003768759,0.005212325,0.9452426,0.04577627
"2234",60.81649,0.003768759,0.005159675,0.9452953,0.04577627
"2235",60.82258,0.003730691,0.005159675,0.9453334,0.04577627
"2236",60.86977,0.003730691,0.005107026,0.945386,0.04577627
"2237",60.87095,0.003692623,0.005107026,0.9454241,0.04577627
"2238",61.11315,0.003692623,0.005054376,0.9454767,0.04577627
"2239",61.11949,0.003654555,0.005054376,0.9455148,0.04577627
"2240",61.40696,0.003654555,0.005001726,0.9455148,0.04582892
"2241",61.41682,0.003616486,0.005001726,0.9455148,0.04586699
"2242",61.45931,0.003616486,0.004949076,0.9455674,0.04586699
"2243",61.46242,0.003578418,0.004949076,0.9456055,0.04586699
"2244",62.19522,0.003578418,0.004896427,0.9456582,0.04586699
"2245",62.20089,0.00354035,0.004896427,0.9456962,0.04586699
"2246",62.7292,0.00354035,0.004843777,0.9456962,0.04591964
"2247",62.73385,0.003502282,0.004843777,0.9456962,0.04595771
"2248",62.90808,0.003502282,0.004791127,0.9457489,0.04595771
"2249",62.91102,0.003464213,0.004791127,0.945787,0.04595771
"2250",63.25766,0.003464213,0.004738477,0.9458396,0.04595771
"2251",63.25865,0.003426145,0.004738477,0.9458777,0.04595771
"2252",63.3425,0.003426145,0.004685828,0.9459303,0.04595771
"2253",63.35064,0.003388077,0.004685828,0.9459684,0.04595771
"2254",63.36719,0.003388077,0.004633178,0.946021,0.04595771
"2255",63.37266,0.003350008,0.004633178,0.9460591,0.04595771
"2256",63.40112,0.003350008,0.004580528,0.9461118,0.04595771
"2257",63.40458,0.00331194,0.004580528,0.9461498,0.04595771
"2258",63.40475,0.00331194,0.004527878,0.9461498,0.04601036
"2259",63.41321,0.003273872,0.004527878,0.9461498,0.04604842
"2260",63.63173,0.003273872,0.004475229,0.9461498,0.04610107
"2261",63.6346,0.003235804,0.004475229,0.9461498,0.04613914
"2262",63.76302,0.003235804,0.004422579,0.9462025,0.04613914
"2263",63.76447,0.003197735,0.004422579,0.9462405,0.04613914
"2264",64.00268,0.003197735,0.004369929,0.9462932,0.04613914
"2265",64.0073,0.003159667,0.004369929,0.9463313,0.04613914
"2266",64.03165,0.003159667,0.004317279,0.9463839,0.04613914
"2267",64.04128,0.003121599,0.004317279,0.946422,0.04613914
"2268",64.2734,0.003121599,0.00426463,0.9464746,0.04613914
"2269",64.2809,0.00308353,0.00426463,0.9465127,0.04613914
"2270",64.7245,0.00308353,0.00421198,0.9465653,0.04613914
"2271",64.7305,0.003045462,0.00421198,0.9466034,0.04613914
"2272",64.8345,0.003045462,0.00415933,0.9466561,0.04613914
"2273",64.84384,0.003007394,0.00415933,0.9466941,0.04613914
"2274",64.85487,0.003007394,0.00410668,0.9466941,0.04619179
"2275",64.86387,0.002969326,0.00410668,0.9466941,0.04622986
"2276",65.01838,0.002969326,0.004054031,0.9467468,0.04622986
"2277",65.01961,0.002931257,0.004054031,0.9467849,0.04622986
"2278",65.96592,0.002931257,0.004001381,0.9468375,0.04622986
"2279",65.97361,0.002893189,0.004001381,0.9468756,0.04622986
"2280",66.3526,0.002893189,0.003948731,0.9469282,0.04622986
"2281",66.36091,0.002855121,0.003948731,0.9469663,0.04622986
"2282",66.54581,0.002855121,0.003896081,0.9470189,0.04622986
"2283",66.54904,0.002817053,0.003896081,0.947057,0.04622986
"2284",66.68124,0.002817053,0.003843432,0.9471097,0.04622986
"2285",66.68839,0.002778984,0.003843432,0.9471477,0.04622986
"2286",66.94314,0.002778984,0.003790782,0.9471477,0.04628251
"2287",66.94792,0.002740916,0.003790782,0.9471477,0.04632058
"2288",66.96417,0.002740916,0.003738132,0.9472004,0.04632058
"2289",66.96774,0.002702848,0.003738132,0.9472384,0.04632058
"2290",67.05862,0.002702848,0.003685482,0.9472384,0.04637323
"2291",67.0671,0.002664779,0.003685482,0.9472384,0.0464113
"2292",67.10497,0.002664779,0.003632833,0.9472384,0.04646395
"2293",67.11049,0.002626711,0.003632833,0.9472384,0.04650201
"2294",67.22856,0.002626711,0.003580183,0.9472911,0.04650201
"2295",67.23594,0.002588643,0.003580183,0.9473292,0.04650201
"2296",67.26253,0.002588643,0.003527533,0.9473818,0.04650201
"2297",67.26384,0.002550575,0.003527533,0.9474199,0.04650201
"2298",67.63588,0.002550575,0.003474883,0.9474725,0.04650201
"2299",67.63633,0.002512506,0.003474883,0.9475106,0.04650201
"2300",67.94092,0.002512506,0.003422234,0.9475632,0.04650201
"2301",67.94534,0.002474438,0.003422234,0.9476013,0.04650201
"2302",67.96077,0.002474438,0.003369584,0.947654,0.04650201
"2303",67.97058,0.00243637,0.003369584,0.947692,0.04650201
"2304",68.09943,0.00243637,0.003316934,0.9477447,0.04650201
"2305",68.10208,0.002398301,0.003316934,0.9477828,0.04650201
"2306",68.44828,0.002398301,0.003264284,0.9478354,0.04650201
"2307",68.45336,0.002360233,0.003264284,0.9478735,0.04650201
"2308",68.52277,0.002360233,0.003211635,0.9479261,0.04650201
"2309",68.52346,0.002322165,0.003211635,0.9479642,0.04650201
"2310",69.44297,0.002322165,0.003158985,0.9480168,0.04650201
"2311",69.45124,0.002284097,0.003158985,0.9480549,0.04650201
"2312",69.92911,0.002284097,0.003106335,0.9480549,0.04655466
"2313",69.93541,0.002246028,0.003106335,0.9480549,0.04659273
"2314",70.00878,0.002246028,0.003053685,0.9481076,0.04659273
"2315",70.01681,0.00220796,0.003053685,0.9481456,0.04659273
"2316",70.06696,0.00220796,0.003001036,0.9481456,0.04664538
"2317",70.06791,0.002169892,0.003001036,0.9481456,0.04668345
"2318",70.72637,0.002169892,0.002948386,0.9481983,0.04668345
"2319",70.73285,0.002131824,0.002948386,0.9482363,0.04668345
"2320",70.92573,0.002131824,0.002895736,0.948289,0.04668345
"2321",70.93112,0.002093755,0.002895736,0.9483271,0.04668345
"2322",71.08002,0.002093755,0.002843086,0.9483271,0.0467361
"2323",71.08093,0.002055687,0.002843086,0.9483271,0.04677417
"2324",71.13845,0.002055687,0.002790437,0.9483797,0.04677417
"2325",71.14554,0.002017619,0.002790437,0.9484178,0.04677417
"2326",71.34204,0.002017619,0.002737787,0.9484704,0.04677417
"2327",71.35104,0.00197955,0.002737787,0.9485085,0.04677417
"2328",71.55506,0.00197955,0.002685137,0.9485611,0.04677417
"2329",71.56186,0.001941482,0.002685137,0.9485992,0.04677417
"2330",71.73823,0.001941482,0.002632487,0.9485992,0.04682682
"2331",71.74283,0.001903414,0.002632487,0.9485992,0.04686489
"2332",72.38731,0.001903414,0.002579838,0.9485992,0.04691754
"2333",72.3877,0.001865346,0.002579838,0.9485992,0.0469556
"2334",72.78941,0.001865346,0.002527188,0.9486519,0.0469556
"2335",72.79167,0.001827277,0.002527188,0.9486899,0.0469556
"2336",73.04378,0.001827277,0.002474538,0.9487426,0.0469556
"2337",73.04597,0.001789209,0.002474538,0.9487806,0.0469556
"2338",73.38897,0.001789209,0.002421888,0.9487806,0.04700825
"2339",73.39676,0.001751141,0.002421888,0.9487806,0.04704632
"2340",74.15929,0.001751141,0.002369239,0.9487806,0.04709897
"2341",74.16227,0.001713072,0.002369239,0.9487806,0.04713704
"2342",74.72536,0.001713072,0.002316589,0.9488333,0.04713704
"2343",74.73298,0.001675004,0.002316589,0.9488714,0.04713704
"2344",74.93964,0.001675004,0.002263939,0.948924,0.04713704
"2345",74.94516,0.001636936,0.002263939,0.9489621,0.04713704
"2346",75.47776,0.001636936,0.002211289,0.9489621,0.04718969
"2347",75.4809,0.001598868,0.002211289,0.9489621,0.04722776
"2348",75.68609,0.001598868,0.00215864,0.9490147,0.04722776
"2349",75.68997,0.001560799,0.00215864,0.9490528,0.04722776
"2350",75.77196,0.001560799,0.00210599,0.9491055,0.04722776
"2351",75.77341,0.001522731,0.00210599,0.9491435,0.04722776
"2352",75.99106,0.001522731,0.00205334,0.9491962,0.04722776
"2353",75.99928,0.001484663,0.00205334,0.9492342,0.04722776
"2354",78.70208,0.001484663,0.00200069,0.9492869,0.04722776
"2355",78.70796,0.001446595,0.00200069,0.949325,0.04722776
"2356",78.95609,0.001446595,0.001948041,0.949325,0.04728041
"2357",78.96008,0.001408526,0.001948041,0.949325,0.04731848
"2358",79.01448,0.001408526,0.001895391,0.9493776,0.04731848
"2359",79.01623,0.001370458,0.001895391,0.9494157,0.04731848
"2360",79.22501,0.001370458,0.001842741,0.9494157,0.04737113
"2361",79.23157,0.00133239,0.001842741,0.9494157,0.04740919
"2362",79.33599,0.00133239,0.001790091,0.9494683,0.04740919
"2363",79.34054,0.001294321,0.001790091,0.9495064,0.04740919
"2364",79.75755,0.001294321,0.001737442,0.949559,0.04740919
"2365",79.76256,0.001256253,0.001737442,0.9495971,0.04740919
"2366",79.81091,0.001256253,0.001684792,0.9496498,0.04740919
"2367",79.81344,0.001218185,0.001684792,0.9496878,0.04740919
"2368",79.95151,0.001218185,0.001632142,0.9496878,0.04746184
"2369",79.95813,0.001180117,0.001632142,0.9496878,0.04749991
"2370",80.74481,0.001180117,0.001579492,0.9496878,0.04755256
"2371",80.75073,0.001142048,0.001579492,0.9496878,0.04759063
"2372",81.59073,0.001142048,0.001526843,0.9497405,0.04759063
"2373",81.59338,0.00110398,0.001526843,0.9497785,0.04759063
"2374",81.89031,0.00110398,0.001474193,0.9497785,0.04764328
"2375",81.89808,0.001065912,0.001474193,0.9497785,0.04768135
"2376",83.74855,0.001065912,0.001421543,0.9498312,0.04768135
"2377",83.75428,0.001027843,0.001421543,0.9498693,0.04768135
"2378",85.0884,0.001027843,0.001368893,0.9499219,0.04768135
"2379",85.09437,0.0009897752,0.001368893,0.94996,0.04768135
"2380",85.85886,0.0009897752,0.001316244,0.9500126,0.04768135
"2381",85.86067,0.0009517069,0.001316244,0.9500507,0.04768135
"2382",86.07481,0.0009517069,0.001263594,0.9501034,0.04768135
"2383",86.07791,0.0009136387,0.001263594,0.9501414,0.04768135
"2384",87.43586,0.0009136387,0.001210944,0.9501941,0.04768135
"2385",87.4373,0.0008755704,0.001210944,0.9502321,0.04768135
"2386",87.59685,0.0008755704,0.001158294,0.9502848,0.04768135
"2387",87.60006,0.0008375021,0.001158294,0.9503229,0.04768135
"2388",87.82323,0.0008375021,0.001105645,0.9503229,0.047734
"2389",87.82745,0.0007994338,0.001105645,0.9503229,0.04777207
"2390",89.02135,0.0007994338,0.001052995,0.9503755,0.04777207
"2391",89.02527,0.0007613655,0.001052995,0.9504136,0.04777207
"2392",89.04209,0.0007613655,0.001000345,0.9504662,0.04777207
"2393",89.04388,0.0007613655,0.0009476955,0.9505189,0.04777207
"2394",89.04906,0.0007232973,0.0009476955,0.9505569,0.04777207
"2395",89.05028,0.000685229,0.0009476955,0.950595,0.04777207
"2396",89.05996,0.000685229,0.0008950457,0.9506477,0.04777207
"2397",89.06956,0.0006471607,0.0008950457,0.9506857,0.04777207
"2398",89.93047,0.0006471607,0.000842396,0.9507384,0.04777207
"2399",89.93682,0.0006090924,0.000842396,0.9507764,0.04777207
"2400",97.26959,0.0006090924,0.0007897462,0.9508291,0.04777207
"2401",97.27394,0.0005710242,0.0007897462,0.9508672,0.04777207
"2402",97.89673,0.0005710242,0.0007370965,0.9509198,0.04777207
"2403",97.8979,0.0005329559,0.0007370965,0.9509579,0.04777207
"2404",98.85132,0.0005329559,0.0006844467,0.9509579,0.04782472
"2405",98.86128,0.0004948876,0.0006844467,0.9509579,0.04786278
"2406",100.6796,0.0004948876,0.000631797,0.9509579,0.04791543
"2407",100.6838,0.0004568193,0.000631797,0.9509579,0.0479535
"2408",101.0639,0.0004568193,0.0005791472,0.9510105,0.0479535
"2409",101.0717,0.0004187511,0.0005791472,0.9510486,0.0479535
"2410",101.7529,0.0004187511,0.0005264975,0.9510486,0.04800615
"2411",101.7616,0.0003806828,0.0005264975,0.9510486,0.04804422
"2412",104.1882,0.0003806828,0.0004738477,0.9511012,0.04804422
"2413",104.1898,0.0003426145,0.0004738477,0.9511393,0.04804422
"2414",105.0269,0.0003426145,0.000421198,0.9511393,0.04809687
"2415",105.035,0.0003045462,0.000421198,0.9511393,0.04813494
"2416",108.6551,0.0003045462,0.0003685482,0.9511393,0.04818759
"2417",108.6595,0.0002664779,0.0003685482,0.9511393,0.04822566
"2418",110.6248,0.0002664779,0.0003158985,0.951192,0.04822566
"2419",110.6325,0.0002284097,0.0003158985,0.95123,0.04822566
"2420",111.193,0.0002284097,0.0002632487,0.9512827,0.04822566
"2421",111.2008,0.0001903414,0.0002632487,0.9513208,0.04822566
"2422",114.7322,0.0001903414,0.000210599,0.9513734,0.04822566
"2423",114.7378,0.0001522731,0.000210599,0.9514115,0.04822566
"2424",116.5636,0.0001522731,0.0001579492,0.9514641,0.04822566
"2425",116.5668,0.0001142048,0.0001579492,0.9515022,0.04822566
"2426",119.1052,0.0001142048,0.0001052995,0.9515548,0.04822566
"2427",119.106,7.613655e-05,0.0001052995,0.9515929,0.04822566
"2428",131.9683,7.613655e-05,5.264975e-05,0.9515929,0.04827831
"2429",131.9755,3.806828e-05,5.264975e-05,0.9515929,0.04831637
"2430",164.8323,3.806828e-05,0,0.9516456,0.04831637
"2431",164.8324,0,0,0.9516836,0.04831637
"2432",164.8359,0,0,0.9516836,0.04831637
